maintain_constant=1135.6924341478732
past_ticks_constant=88.6907940698665
giveup_ticks=412.1361864566362
position_weight=100.0

run_player_weights
base=43.41601067502139
scale=1909.3081323703452
kill=578.5894615755137
skill=-100.0
speed=139.16857338081024
sinvincible=-229.90973534732217
dx=-36.657237202367995
dy=-92.49992070920415
above=-92.50372256651774

void_weights
base=779.9490224491392
scale=10.251023557399916
sspeed=-91.60054593026624
sjump=-645.6095181134795
dy=1078.3949508507912
vy=707.101271719566

pursue_player_weights
base=1823.1281194906285
scale=603.7685754124551
skill=462.58111597872534
kill=-232.33444851697178
sspeed=89.98804377338392
speed=-113.58640038390419
sjump=93.9436632865597
jump=-93.72752878451116
sinvincible=85.80258355272547
invincible=-257.58592322276047
sphase=150.3494482857652
phase=-129.62245118127512
dx=14.36733757716145
dy=-58.104689867255
above=-31.951073771626774

pursue_boost_weights
base=405.4117825806249
scale=280.56052594987136
skill=-87.61852585630004
sspeed=2.9618465882838945
sjump=-79.72016132306254
sinvincible=-66.73840663640284
sphase=-85.21725560760697
dx=-8.337772817396019
dy=-158.86103614309442
above=-429.56345281362104
voidance=-909.0634799407119