maintain_constant=1051.5192295549596
past_ticks_constant=88.6907940698665
giveup_ticks=412.1361864566362
position_weight=107.28571189086034

run_player_weights
base=46.49657650979641
scale=2124.273425961872
kill=580.8173899886898
skill=-101.72283813693389
speed=125.56518220297905
sinvincible=-195.21866616466804
dx=-32.75948597032909
dy=-103.83099043415662
above=-92.50372256651774

void_weights
base=686.0938753305595
scale=15.608149029122718
sspeed=-76.27466979617816
sjump=-690.9572414652629
dy=1128.2783423291817
vy=609.2694486449736

pursue_player_weights
base=2068.9430071276133
scale=589.1503355113693
skill=468.0391646534362
kill=-220.2457736907488
sspeed=73.75802211152897
speed=-153.3633044691613
sjump=93.9436632865597
jump=-74.90392894681742
sinvincible=85.80258355272547
invincible=-347.0812765632641
sphase=150.3494482857652
phase=-129.62245118127512
dx=14.36733757716145
dy=-66.36652061602464
above=-32.597246687708456

pursue_boost_weights
base=411.7340324166955
scale=302.89080155381396
skill=-87.61852585630004
sspeed=7.6090234697186165
sjump=-96.23463571324314
sinvincible=-63.63298854031475
sphase=-83.7574999508958
dx=-6.366861893346181
dy=-180.00880942174297
above=-391.59690878488146
voidance=-856.7019948471102