maintain_constant=1181.8063514201808
past_ticks_constant=88.6907940698665
giveup_ticks=412.1361864566362
position_weight=100.0

run_player_weights
base=43.41601067502139
scale=2209.6129431497307
kill=566.1810238495217
skill=-106.60538148226865
speed=125.56518220297905
sinvincible=-240.75093274861274
dx=-32.75948597032909
dy=-92.49992070920415
above=-92.50372256651774

void_weights
base=686.0938753305595
scale=15.120994018008084
sspeed=-91.60054593026624
sjump=-690.9572414652629
dy=1128.2783423291817
vy=614.2953380999305

pursue_player_weights
base=2068.9430071276133
scale=589.1503355113693
skill=460.6945949447106
kill=-232.33444851697178
sspeed=90.48669869226431
speed=-127.03064566271745
sjump=93.9436632865597
jump=-88.49907979851479
sinvincible=85.80258355272547
invincible=-257.58592322276047
sphase=150.3494482857652
phase=-129.62245118127512
dx=14.36733757716145
dy=-66.36652061602464
above=-31.951073771626774

pursue_boost_weights
base=411.7340324166955
scale=280.56052594987136
skill=-87.61852585630004
sspeed=5.188710449800645
sjump=-102.28205875898632
sinvincible=-63.63298854031475
sphase=-85.75990895151682
dx=-8.337772817396019
dy=-158.86103614309442
above=-391.59690878488146
voidance=-909.0634799407119