maintain_constant=1181.8063514201808
past_ticks_constant=88.6907940698665
giveup_ticks=412.1361864566362
position_weight=107.28571189086034

run_player_weights
base=43.41601067502139
scale=2209.6129431497307
kill=566.1810238495217
skill=-101.72283813693389
speed=125.56518220297905
sinvincible=-237.92672018223223
dx=-32.75948597032909
dy=-103.83099043415662
above=-92.50372256651774

void_weights
base=686.0938753305595
scale=15.608149029122718
sspeed=-76.27466979617816
sjump=-690.9572414652629
dy=1128.2783423291817
vy=614.2953380999305

pursue_player_weights
base=2068.9430071276133
scale=589.1503355113693
skill=460.6945949447106
kill=-232.33444851697178
sspeed=73.75802211152897
speed=-153.3633044691613
sjump=93.9436632865597
jump=-74.90392894681742
sinvincible=85.80258355272547
invincible=-342.26041341996654
sphase=150.3494482857652
phase=-129.62245118127512
dx=14.36733757716145
dy=-66.36652061602464
above=-31.951073771626774

pursue_boost_weights
base=411.7340324166955
scale=302.89080155381396
skill=-87.61852585630004
sspeed=5.188710449800645
sjump=-102.28205875898632
sinvincible=-63.63298854031475
sphase=-83.7574999508958
dx=-8.337772817396019
dy=-180.00880942174297
above=-391.59690878488146
voidance=-856.7019948471102