maintain_constant=1181.8063514201808
past_ticks_constant=88.6907940698665
giveup_ticks=412.1361864566362
position_weight=100.0

run_player_weights
base=43.41601067502139
scale=1790.6630387844743
kill=578.5894615755137
skill=-106.60538148226865
speed=139.056537622181
sinvincible=-229.90973534732217
dx=-36.657237202367995
dy=-92.49992070920415
above=-92.50372256651774

void_weights
base=779.9490224491392
scale=15.120994018008084
sspeed=-91.60054593026624
sjump=-645.6095181134795
dy=1118.9342505109262
vy=707.101271719566

pursue_player_weights
base=1823.1281194906285
scale=594.226238173356
skill=418.7568864522817
kill=-232.33444851697178
sspeed=89.98804377338392
speed=-127.03064566271745
sjump=93.9436632865597
jump=-88.49907979851479
sinvincible=85.80258355272547
invincible=-257.58592322276047
sphase=150.3494482857652
phase=-129.62245118127512
dx=14.36733757716145
dy=-66.36652061602464
above=-31.951073771626774

pursue_boost_weights
base=411.7340324166955
scale=280.56052594987136
skill=-87.61852585630004
sspeed=5.188710449800645
sjump=-102.28205875898632
sinvincible=-63.63298854031475
sphase=-85.21725560760697
dx=-8.337772817396019
dy=-158.86103614309442
above=-391.59690878488146
voidance=-909.0634799407119