maintain_constant=965.3726026264396
past_ticks_constant=202.73921413321165
giveup_ticks=306.23429962738135

run_player_weights
base=85.08359227265947
scale=1000
kill=842.4624797785636
speed=100
sinvincible=-408.68362475467586
dx=6.49659396030397
dy=14.249792264929091
above=273.0741565345114

void_weights
base=451.74737433569203
scale=16.113197625563718
sspeed=-119.5538183413154
sjump=-709.8859165674717
dy=1021.5309986142324
vy=766.7294000820739

pursue_player_weights
base=961.7970311976499
scale=398.148999742733
skill=302.95518541788584
kill=-350
sspeed=150
speed=-128.77475451668775
sjump=152.77462711678723
jump=-138.35185613462303
sinvincible=220.50397796540167
invincible=-230.71295639484003
sphase=100
phase=-114.92283946786019
dx=-50.26938295851458
dy=-93.10802347300788
above=-5

pursue_boost_weights
base=1053.5729638152466
scale=700
skill=-54.45664325039211
sspeed=-36.04220687230128
sjump=-32.652232927215216
sinvincible=-57.538446819585154
sphase=-41.10536853938245
dx=106.35028065606727
dy=159.80792323644283
above=-500
voidance=-466.2981252059941