maintain_constant=965.3726026264396
past_ticks_constant=202.73921413321165
giveup_ticks=306.23429962738135

run_player_weights
base=85.08359227265947
scale=1000
kill=842.4624797785636
speed=100
sinvincible=-462.6638172744771
dx=6.49659396030397
dy=10
above=273.0741565345114

void_weights
base=451.74737433569203
scale=16.113197625563718
sspeed=-87.13558813773763
sjump=-709.8859165674717
dy=1021.5309986142324
vy=766.7294000820739

pursue_player_weights
base=961.7970311976499
scale=425.6342509954092
skill=302.95518541788584
kill=-350
sspeed=150
speed=-119.86215045560368
sjump=152.77462711678723
jump=-137.01491006728727
sinvincible=220.50397796540167
invincible=-230.71295639484003
sphase=100
phase=-100
dx=-49.83069344581334
dy=-93.10802347300788
above=-5

pursue_boost_weights
base=974.1993676080193
scale=700
skill=-61.39716509922711
sspeed=-36.04220687230128
sjump=-32.652232927215216
sinvincible=-57.538446819585154
sphase=-40
dx=106.35028065606727
dy=188.90303074294937
above=-530.7353884159295
voidance=-498.07282434503543