maintain_constant=965.3726026264396
past_ticks_constant=264.18956056574194
giveup_ticks=247.30328888132476

run_player_weights
base=85.08359227265947
scale=972.8738418026013
kill=746.9623807441207
speed=100
sinvincible=-400
dx=10
dy=10
above=335.22623382143854

void_weights
base=612.016273471447
scale=0.01
sspeed=-100
sjump=-638.8046574747652
dy=1000
vy=1000

pursue_player_weights
base=801.7466363192324
scale=534.9758019407996
skill=350
kill=-350
sspeed=150
speed=-150
sjump=150
jump=-150
sinvincible=250
invincible=-257.04617726897834
sphase=100
phase=-100
dx=-49.83069344581334
dy=-87.25922249947254
above=-5

pursue_boost_weights
base=700
scale=718.7955473151408
skill=-54.45664325039211
sspeed=-38.98893967574657
sjump=-43.27603527749235
sinvincible=-60
sphase=-55.62306391014807
dx=116.1724630529615
dy=220.1204785206902
above=-505.48053106737456
voidance=-513.4353775033027