maintain_constant=965.3726026264396
past_ticks_constant=264.18956056574194
giveup_ticks=286.642916339934

run_player_weights
base=85.08359227265947
scale=1000
kill=792.9775993137251
speed=100
sinvincible=-408.68362475467586
dx=6.49659396030397
dy=10
above=273.0741565345114

void_weights
base=612.016273471447
scale=13.68034053429977
sspeed=-100
sjump=-881.3118676129378
dy=970.6638592762655
vy=828.8346951160568

pursue_player_weights
base=851.3961549233054
scale=384.9097751094395
skill=350
kill=-350
sspeed=150
speed=-114.7303184275668
sjump=152.77462711678723
jump=-125.4118695051717
sinvincible=250
invincible=-230.71295639484003
sphase=100
phase=-100
dx=-49.83069344581334
dy=-87.25922249947254
above=-8.543414856234094

pursue_boost_weights
base=684.8328655428322
scale=700
skill=-54.45664325039211
sspeed=-38.98893967574657
sjump=-32.652232927215216
sinvincible=-60
sphase=-40
dx=106.35028065606727
dy=176.08600452211252
above=-500
voidance=-489.49451612476224