maintain_constant=965.3726026264396
past_ticks_constant=202.73921413321165
giveup_ticks=306.23429962738135

run_player_weights
base=79.78583352364971
scale=1000
kill=748.804509199716
speed=100
sinvincible=-408.68362475467586
dx=6.49659396030397
dy=9.899426046575122
above=242.81025285594006

void_weights
base=451.74737433569203
scale=19.47695980185553
sspeed=-119.5538183413154
sjump=-873.648649550378
dy=1034.0537047479743
vy=766.7294000820739

pursue_player_weights
base=961.7970311976499
scale=398.148999742733
skill=302.95518541788584
kill=-350
sspeed=150
speed=-134.30405040301966
sjump=152.77462711678723
jump=-172.0929729353327
sinvincible=217.5617935340396
invincible=-228.9480577079422
sphase=100
phase=-114.92283946786019
dx=-50.26938295851458
dy=-93.10802347300788
above=-5

pursue_boost_weights
base=881.9740359503776
scale=700
skill=-54.45664325039211
sspeed=-36.04220687230128
sjump=-32.652232927215216
sinvincible=-68.38976621464367
sphase=-40
dx=106.35028065606727
dy=159.80792323644283
above=-500
voidance=-466.2981252059941