maintain_constant=965.3726026264396
past_ticks_constant=260.64922639893354
giveup_ticks=286.642916339934

run_player_weights
base=85.08359227265947
scale=1000
kill=842.4624797785636
speed=100
sinvincible=-408.68362475467586
dx=6.49659396030397
dy=10
above=273.0741565345114

void_weights
base=451.74737433569203
scale=17.934812295499277
sspeed=-100
sjump=-709.8859165674717
dy=970.6638592762655
vy=828.8346951160568

pursue_player_weights
base=961.7970311976499
scale=351.3273007183523
skill=350
kill=-350
sspeed=150
speed=-114.7303184275668
sjump=152.77462711678723
jump=-138.35185613462303
sinvincible=220.50397796540167
invincible=-230.71295639484003
sphase=100
phase=-100
dx=-49.83069344581334
dy=-93.10802347300788
above=-5

pursue_boost_weights
base=974.1993676080193
scale=700
skill=-54.45664325039211
sspeed=-36.04220687230128
sjump=-32.652232927215216
sinvincible=-57.538446819585154
sphase=-40
dx=106.35028065606727
dy=176.08600452211252
above=-500
voidance=-498.07282434503543