maintain_constant=984.8092132741059
past_ticks_constant=259.88028268284813
giveup_ticks=278.59435335367175

run_player_weights
base=98.24069400689845
scale=1055.5733780687692
kill=714.6691809754308
speed=93.29949698399628
sinvincible=-440.01045955235065
dx=11.722158136308426
dy=12.066185355812188
above=353.42007679406055

void_weights
base=486.50554927637376
scale=5.8873794894079845
sspeed=-90.8122629542284
sjump=-600.5555187271802
dy=923.1142041878721
vy=1162.863455299976

pursue_player_weights
base=958.3704280584465
scale=469.18516573063346
skill=355.57607953835515
kill=-385.73149514448016
sspeed=148.63381586788944
speed=-169.3803913134981
sjump=148.36125392697704
jump=-150.75599624962402
sinvincible=277.38411108698955
invincible=-286.25190309123457
sphase=105.93140399968298
phase=-114.93715428606717
dx=-41.31738263950796
dy=-116.60548128528673
above=-2.934914401989843

pursue_boost_weights
base=797.3812876864446
scale=670.3437866446477
skill=-61.077142937706775
sspeed=-41.753602839935375
sjump=-48.63222153416619
sinvincible=-47.28880938715962
sphase=-48.27019691935752
dx=88.82521877556431
dy=216.05535718612924
above=-525.3503725086971
voidance=-410.3535962750547