maintain_constant=965.3726026264396
past_ticks_constant=264.18956056574194
giveup_ticks=262.80010972132646

run_player_weights
base=86.27693324169041
scale=1100.322638371769
kill=872.2138148219143
speed=86.82330211105851
sinvincible=-415.81382236294377
dx=8.227850608598107
dy=5.479223731049337
above=330.11617560938805

void_weights
base=448.8451818326059
scale=8.282917200622471
sspeed=-72.73601966309514
sjump=-644.8130217402293
dy=912.0623305210584
vy=1123.394019730809

pursue_player_weights
base=1004.2739862505799
scale=464.3300180904667
skill=391.4687050417899
kill=-415.1699317024602
sspeed=171.01429443309465
speed=-112.65624696796272
sjump=143.27374678341138
jump=-131.17176205851638
sinvincible=275.75181249772635
invincible=-294.602718212124
sphase=112.88666502183882
phase=-113.21939737235542
dx=-42.925894543019645
dy=-148.47458901215694
above=-5.7829429710874045

pursue_boost_weights
base=898.4870004222596
scale=753.8999989118909
skill=-70.83372995107761
sspeed=-43.57066864225239
sjump=-60.77850463715411
sinvincible=-52.215846625953795
sphase=-50.57910781173949
dx=77.64950141079878
dy=208.96720511538302
above=-474.46991557500576
voidance=-385.2987833433707