maintain_constant=965.3726026264396
past_ticks_constant=202.73921413321165
giveup_ticks=306.23429962738135

run_player_weights
base=76.62276823257781
scale=1000
kill=748.804509199716
speed=100
sinvincible=-332.72527868243554
dx=6.49659396030397
dy=14.37618927518709
above=242.81025285594006

void_weights
base=391.9085553616166
scale=19.47695980185553
sspeed=-101.14934059054497
sjump=-873.648649550378
dy=1051.491432116726
vy=718.3753204524356

pursue_player_weights
base=942.7593475463347
scale=398.148999742733
skill=302.95518541788584
kill=-350
sspeed=150
speed=-134.30405040301966
sjump=152.77462711678723
jump=-172.0929729353327
sinvincible=217.5617935340396
invincible=-222.91095502392056
sphase=100
phase=-105.43169856963432
dx=-55.44767668499121
dy=-93.10802347300788
above=-11.277059628258563

pursue_boost_weights
base=977.3813036017272
scale=700
skill=-54.45664325039211
sspeed=-36.04220687230128
sjump=-32.652232927215216
sinvincible=-68.38976621464367
sphase=-40
dx=106.35028065606727
dy=161.2364010009257
above=-500
voidance=-466.2981252059941