maintain_constant=939.3396173228534
past_ticks_constant=202.73921413321165
giveup_ticks=306.23429962738135

run_player_weights
base=83.4187069552524
scale=1095.2118186099535
kill=748.804509199716
speed=113.65268867493916
sinvincible=-332.72527868243554
dx=6.49659396030397
dy=13.317779655014176
above=242.81025285594006

void_weights
base=391.9085553616166
scale=6.742192566759256
sspeed=-137.04261681624894
sjump=-869.7687933808969
dy=1102.5035529662412
vy=718.3753204524356

pursue_player_weights
base=957.5449598507531
scale=426.54627973231925
skill=248.8109218201809
kill=-327.5636101837149
sspeed=150
speed=-141.17881293013923
sjump=143.49169533182297
jump=-138.38245267791083
sinvincible=217.5617935340396
invincible=-222.91095502392056
sphase=75.88968072415973
phase=-105.43169856963432
dx=-55.44767668499121
dy=-93.10802347300788
above=-5

pursue_boost_weights
base=977.3813036017272
scale=683.6321832719572
skill=-54.45664325039211
sspeed=-41.96616177468372
sjump=-32.652232927215216
sinvincible=-68.38976621464367
sphase=-27.577776371920656
dx=106.35028065606727
dy=161.2364010009257
above=-404.33252884828545
voidance=-490.05346067969674