maintain_constant=912.3604768217966
past_ticks_constant=202.73921413321165
giveup_ticks=306.23429962738135

run_player_weights
base=103.64884552175039
scale=1000
kill=713.092773831885
speed=96.42786215052406
sinvincible=-413.29555994211495
dx=1.7953750118458345
dy=10.151151508463647
above=300

void_weights
base=500
scale=-3.853083232074852
sspeed=-103.37781055569918
sjump=-641.5373183187953
dy=1021.7141938446671
vy=1069.1323521995978

pursue_player_weights
base=1107.275911410388
scale=497.0619513015171
skill=334.04440151173793
kill=-350
sspeed=149.02352476906634
speed=-162.33333491622358
sjump=144.57074354570426
jump=-156.27114303077474
sinvincible=220.25930830554933
invincible=-250
sphase=81.72869739241027
phase=-100
dx=-46.0905652041594
dy=-80.15463597165171
above=-4.9221461118513155

pursue_boost_weights
base=658.1511022224939
scale=613.9662836814972
skill=-68.31080306639873
sspeed=-46.21383516831486
sjump=-42.987964844407706
sinvincible=-68.19082688291266
sphase=-35.59351293334019
dx=101.38370879883165
dy=190.05396618488865
above=-358.65572162703484
voidance=-400