maintain_constant=912.3604768217966
past_ticks_constant=202.73921413321165
giveup_ticks=306.23429962738135

run_player_weights
base=103.64884552175039
scale=1000
kill=713.092773831885
speed=93.80321254407413
sinvincible=-413.29555994211495
dx=10
dy=10
above=300

void_weights
base=500
scale=-4.226595707637594
sspeed=-99.00725124559061
sjump=-641.5373183187953
dy=1021.7141938446671
vy=1000.876374259011

pursue_player_weights
base=1107.275911410388
scale=497.0619513015171
skill=309.2127542742975
kill=-350
sspeed=149.02352476906634
speed=-150
sjump=155.6851864434815
jump=-156.27114303077474
sinvincible=220.25930830554933
invincible=-250
sphase=72.57893596749346
phase=-100
dx=-46.0905652041594
dy=-80.15463597165171
above=-4.9221461118513155

pursue_boost_weights
base=677.4718378115243
scale=700
skill=-60
sspeed=-36.46495214431796
sjump=-42.987964844407706
sinvincible=-68.19082688291266
sphase=-40
dx=100
dy=200
above=-358.65572162703484
voidance=-400