maintain_constant=912.3604768217966
past_ticks_constant=202.73921413321165
giveup_ticks=306.23429962738135

run_player_weights
base=103.64884552175039
scale=1000
kill=713.092773831885
speed=96.42786215052406
sinvincible=-407.7556462352261
dx=10
dy=10
above=300

void_weights
base=500
scale=-4.226595707637594
sspeed=-99.00725124559061
sjump=-641.5373183187953
dy=1277.9210069409805
vy=1087.5818793575331

pursue_player_weights
base=828.7221927041315
scale=497.9495904551533
skill=350
kill=-350
sspeed=149.02352476906634
speed=-150
sjump=144.57074354570426
jump=-157.41312371003133
sinvincible=250
invincible=-250
sphase=81.72869739241027
phase=-100
dx=-46.0905652041594
dy=-86.21956253686685
above=3.1335772348318747

pursue_boost_weights
base=700
scale=700
skill=-60
sspeed=-40
sjump=-42.987964844407706
sinvincible=-71.57499790359958
sphase=-40
dx=100
dy=200
above=-500
voidance=-400