maintain_constant=912.3604768217966
past_ticks_constant=176.73731801508572
giveup_ticks=306.23429962738135

run_player_weights
base=114.44261658580359
scale=825.4817259000779
kill=801.1184781917466
speed=88.56786387254172
sinvincible=-431.72426220916316
dx=5.178410860676394
dy=10.151151508463647
above=265.8650880394012

void_weights
base=500
scale=-10.270468822986299
sspeed=-94.65632817444504
sjump=-690.5409296084645
dy=1021.7141938446671
vy=638.9153948612027

pursue_player_weights
base=1085.7043950674451
scale=497.0619513015171
skill=300.0387866744513
kill=-479.2927107162507
sspeed=144.0923490723824
speed=-162.33333491622358
sjump=144.57074354570426
jump=-156.27114303077474
sinvincible=195.02850429456325
invincible=-234.65102472332336
sphase=81.72869739241027
phase=-88.33456961602617
dx=-64.74858626895863
dy=-95.66356834294514
above=-14.226397892473699

pursue_boost_weights
base=658.1511022224939
scale=555.693952056521
skill=-67.31970741774943
sspeed=-36.46495214431796
sjump=-39.22292936418656
sinvincible=-67.38511897763588
sphase=-40
dx=94.77148530703305
dy=187.23594657417303
above=-350.67783584920346
voidance=-406.896710159814