maintain_constant=912.3604768217966
past_ticks_constant=176.73731801508572
giveup_ticks=306.23429962738135

run_player_weights
base=98.10175760392198
scale=1000
kill=742.9219752910946
speed=96.42786215052406
sinvincible=-431.72426220916316
dx=0.32737970416035944
dy=10.151151508463647
above=265.8650880394012

void_weights
base=500
scale=-4.226595707637594
sspeed=-103.37781055569918
sjump=-641.5373183187953
dy=1021.7141938446671
vy=858.6434858910512

pursue_player_weights
base=984.9004387544826
scale=497.0619513015171
skill=309.2127542742975
kill=-431.1410551283582
sspeed=144.0923490723824
speed=-162.33333491622358
sjump=144.57074354570426
jump=-156.27114303077474
sinvincible=202.62041487935267
invincible=-250
sphase=81.72869739241027
phase=-92.37171306298133
dx=-64.74858626895863
dy=-78.67074007125856
above=-4.9221461118513155

pursue_boost_weights
base=658.1511022224939
scale=555.693952056521
skill=-67.31970741774943
sspeed=-36.46495214431796
sjump=-39.22292936418656
sinvincible=-68.19082688291266
sphase=-40
dx=101.38370879883165
dy=200
above=-362.37814724046405
voidance=-400