maintain_constant=912.3604768217966
past_ticks_constant=176.73731801508572
giveup_ticks=306.23429962738135

run_player_weights
base=114.44261658580359
scale=1002.0367110964588
kill=742.9219752910946
speed=96.42786215052406
sinvincible=-431.72426220916316
dx=5.178410860676394
dy=11.696698910430337
above=265.8650880394012

void_weights
base=500
scale=-4.226595707637594
sspeed=-103.37781055569918
sjump=-713.4041397543573
dy=914.8799031328371
vy=582.1162326740907

pursue_player_weights
base=1085.7043950674451
scale=497.0619513015171
skill=300.0387866744513
kill=-430.6321595854014
sspeed=144.0923490723824
speed=-162.33333491622358
sjump=137.89857990417144
jump=-156.27114303077474
sinvincible=217.0662895533329
invincible=-234.65102472332336
sphase=81.72869739241027
phase=-88.33456961602617
dx=-64.74858626895863
dy=-78.67074007125856
above=-4.9221461118513155

pursue_boost_weights
base=658.1511022224939
scale=555.693952056521
skill=-67.31970741774943
sspeed=-36.46495214431796
sjump=-39.22292936418656
sinvincible=-68.19082688291266
sphase=-40
dx=94.77148530703305
dy=184.19118110649836
above=-362.37814724046405
voidance=-400