maintain_constant=912.3604768217966
past_ticks_constant=211.40644718589328
giveup_ticks=306.23429962738135

run_player_weights
base=114.44261658580359
scale=825.4817259000779
kill=742.9219752910946
speed=97.40990233162576
sinvincible=-475.3381588325981
dx=2.9458215723857784
dy=17.808182612329027
above=265.8650880394012

void_weights
base=510.1690194945545
scale=-4.226595707637594
sspeed=-77.68141332911672
sjump=-690.5409296084645
dy=938.7635221786477
vy=638.9153948612027

pursue_player_weights
base=1121.8877986915013
scale=478.53046084731346
skill=300.0387866744513
kill=-479.2927107162507
sspeed=144.0923490723824
speed=-162.16864797051502
sjump=136.46002820987312
jump=-156.27114303077474
sinvincible=215.68692240734353
invincible=-226.89645779437473
sphase=69.0861804792093
phase=-88.33456961602617
dx=-64.74858626895863
dy=-78.67074007125856
above=-13.966931574629498

pursue_boost_weights
base=583.9926290978184
scale=555.693952056521
skill=-45.54579812979384
sspeed=-36.46495214431796
sjump=-36.76030646918215
sinvincible=-68.19082688291266
sphase=-35.071446983789066
dx=94.77148530703305
dy=200
above=-285.1074322089371
voidance=-406.896710159814