maintain_constant=968.6842369959311
past_ticks_constant=230.54014981799241
giveup_ticks=337.3497298139553

run_player_weights
base=114.44261658580359
scale=825.4817259000779
kill=805.8166748736699
speed=97.40990233162576
sinvincible=-431.72426220916316
dx=2.9458215723857784
dy=17.808182612329027
above=241.8628724471018

void_weights
base=557.5452909270361
scale=-4.226595707637594
sspeed=-77.68141332911672
sjump=-690.5409296084645
dy=938.7635221786477
vy=689.020095212889

pursue_player_weights
base=1081.79045950109
scale=478.53046084731346
skill=300.0387866744513
kill=-553.0938225134885
sspeed=123.13934207890028
speed=-158.82874813703393
sjump=136.46002820987312
jump=-156.27114303077474
sinvincible=223.49609221527118
invincible=-234.65102472332336
sphase=69.0861804792093
phase=-68.94205281693597
dx=-64.74858626895863
dy=-78.67074007125856
above=-13.966931574629498

pursue_boost_weights
base=583.9926290978184
scale=555.693952056521
skill=-61.69346118656032
sspeed=-33.1239947341245
sjump=-39.22292936418656
sinvincible=-68.19082688291266
sphase=-35.45172783933936
dx=94.77148530703305
dy=200
above=-285.1074322089371
voidance=-406.896710159814