maintain_constant=968.6842369959311
past_ticks_constant=230.54014981799241
giveup_ticks=337.3497298139553

run_player_weights
base=114.44261658580359
scale=825.4817259000779
kill=804.6293318463212
speed=97.40990233162576
sinvincible=-476.08528683381644
dx=2.9458215723857784
dy=17.808182612329027
above=271.50041593221454

void_weights
base=510.2036755403559
scale=-4.226595707637594
sspeed=-77.68141332911672
sjump=-690.5409296084645
dy=923.7459324262346
vy=652.5572136132796

pursue_player_weights
base=1081.79045950109
scale=478.53046084731346
skill=300.0387866744513
kill=-553.0938225134885
sspeed=144.0923490723824
speed=-158.82874813703393
sjump=128.02715970837073
jump=-156.27114303077474
sinvincible=223.49609221527118
invincible=-234.65102472332336
sphase=69.0861804792093
phase=-72.12451224183424
dx=-64.74858626895863
dy=-78.67074007125856
above=-13.966931574629498

pursue_boost_weights
base=583.9926290978184
scale=555.693952056521
skill=-61.69346118656032
sspeed=-34.81281223442741
sjump=-39.22292936418656
sinvincible=-68.19082688291266
sphase=-46.230243599554456
dx=94.77148530703305
dy=200
above=-285.1074322089371
voidance=-406.896710159814