maintain_constant=912.3604768217966
past_ticks_constant=176.73731801508572
giveup_ticks=306.23429962738135

run_player_weights
base=112.8701311127994
scale=825.4817259000779
kill=742.9219752910946
speed=97.40990233162576
sinvincible=-431.72426220916316
dx=9.718270081921938
dy=17.808182612329027
above=265.8650880394012

void_weights
base=500
scale=-0.5169288879335818
sspeed=-103.37781055569918
sjump=-690.5409296084645
dy=938.7635221786477
vy=638.9153948612027

pursue_player_weights
base=1149.6918157185064
scale=478.53046084731346
skill=300.0387866744513
kill=-479.2927107162507
sspeed=144.0923490723824
speed=-190.25128867985075
sjump=144.57074354570426
jump=-146.81868169553803
sinvincible=202.62041487935267
invincible=-234.65102472332336
sphase=81.72869739241027
phase=-88.33456961602617
dx=-64.74858626895863
dy=-70.46466438862055
above=-14.226397892473699

pursue_boost_weights
base=658.1511022224939
scale=555.693952056521
skill=-61.69346118656032
sspeed=-36.46495214431796
sjump=-39.22292936418656
sinvincible=-68.19082688291266
sphase=-40
dx=94.77148530703305
dy=200
above=-319.13388471706406
voidance=-406.896710159814