maintain_constant=968.6842369959311
past_ticks_constant=230.54014981799241
giveup_ticks=306.23429962738135

run_player_weights
base=127.9834944475943
scale=825.4817259000779
kill=744.1086306579629
speed=97.40990233162576
sinvincible=-431.72426220916316
dx=2.9458215723857784
dy=17.808182612329027
above=265.8650880394012

void_weights
base=510.2036755403559
scale=-4.226595707637594
sspeed=-77.68141332911672
sjump=-661.5972181807542
dy=938.7635221786477
vy=643.525997403289

pursue_player_weights
base=1155.1484547972484
scale=478.53046084731346
skill=300.0387866744513
kill=-479.2927107162507
sspeed=144.0923490723824
speed=-158.82874813703393
sjump=136.46002820987312
jump=-156.27114303077474
sinvincible=223.49609221527118
invincible=-234.65102472332336
sphase=69.0861804792093
phase=-72.12451224183424
dx=-64.74858626895863
dy=-78.67074007125856
above=-13.966931574629498

pursue_boost_weights
base=583.9926290978184
scale=555.693952056521
skill=-61.69346118656032
sspeed=-34.81281223442741
sjump=-39.22292936418656
sinvincible=-68.19082688291266
sphase=-35.071446983789066
dx=76.56006919440442
dy=205.30696488413344
above=-285.1074322089371
voidance=-406.896710159814