maintain_constant=968.6842369959311
past_ticks_constant=221.77334291759593
giveup_ticks=337.3497298139553

run_player_weights
base=92.65220464844575
scale=825.4817259000779
kill=789.1771031853127
speed=97.40990233162576
sinvincible=-431.72426220916316
dx=2.9458215723857784
dy=17.808182612329027
above=241.8628724471018

void_weights
base=532.910870377963
scale=-0.04093921974338244
sspeed=-77.68141332911672
sjump=-726.7111362923
dy=923.7459324262346
vy=652.5572136132796

pursue_player_weights
base=1081.79045950109
scale=478.53046084731346
skill=300.0387866744513
kill=-576.0307876549043
sspeed=144.0923490723824
speed=-158.82874813703393
sjump=128.02715970837073
jump=-158.6926263725834
sinvincible=223.49609221527118
invincible=-234.65102472332336
sphase=69.0861804792093
phase=-72.12451224183424
dx=-59.67776020051365
dy=-78.67074007125856
above=-13.364336377757793

pursue_boost_weights
base=583.9926290978184
scale=555.693952056521
skill=-64.00026333411955
sspeed=-34.81281223442741
sjump=-39.22292936418656
sinvincible=-68.19082688291266
sphase=-56.79347802292747
dx=94.77148530703305
dy=200
above=-285.1074322089371
voidance=-430.07655111191707