maintain_constant=1449.3340127296963
past_ticks_constant=223.96145523762593
giveup_ticks=345.9397408794435

run_player_weights
base=64.46701541902729
scale=932.7399664223412
kill=713.2095954198219
speed=100
sinvincible=-381.05095335416695
dx=8.837560810195683
dy=10.788280298343764
above=300

void_weights
base=445.6341348095125
scale=-0.18285598839871553
sspeed=-100
sjump=-700
dy=1237.9967025567942
vy=960.1619292493892

pursue_player_weights
base=783.5693931730216
scale=517.8723887656041
skill=349.0880108402296
kill=-312.3526050917782
sspeed=128.34009109870183
speed=-146.43788433374115
sjump=150
jump=-148.0423895260074
sinvincible=293.6821889732812
invincible=-202.9617336101698
sphase=93.49747037397884
phase=-100
dx=-52.30853590213146
dy=-91.52417373796006
above=-10.942567190174062

pursue_boost_weights
base=705.5567712124351
scale=700
skill=-89.77439299054187
sspeed=-46.32254575251682
sjump=-50.28138404816024
sinvincible=-68.92285856500472
sphase=-27.449756823212336
dx=96.49037546469202
dy=140.3006524126516
above=-500
voidance=-320.05712614170386