maintain_constant=1449.3340127296963
past_ticks_constant=223.96145523762593
giveup_ticks=316.08290968488467

run_player_weights
base=64.35760181185576
scale=932.7399664223412
kill=692.1356806189034
speed=100
sinvincible=-400
dx=10
dy=7.680810394926076
above=300

void_weights
base=473.4934934311717
scale=1.7908399246385889
sspeed=-108.15680335522156
sjump=-700
dy=1106.6575710142388
vy=1135.2495586001403

pursue_player_weights
base=905.684547450769
scale=500
skill=337.4414399039594
kill=-314.18532518781797
sspeed=128.34009109870183
speed=-150
sjump=150
jump=-150
sinvincible=237.19230395525128
invincible=-207.32221702278895
sphase=100
phase=-100
dx=-55.01142299555917
dy=-100
above=-10.942567190174062

pursue_boost_weights
base=700
scale=700
skill=-66.7627945120163
sspeed=-40
sjump=-40
sinvincible=-68.92285856500472
sphase=-31.994552788990436
dx=78.40729965066842
dy=148.7744060440823
above=-515.5052154263909
voidance=-320.05712614170386