maintain_constant=1449.3340127296963
past_ticks_constant=223.96145523762593
giveup_ticks=316.08290968488467

run_player_weights
base=64.1892256715442
scale=932.7399664223412
kill=713.2095954198219
speed=100
sinvincible=-350.8974385458334
dx=6.487722443896859
dy=8.89361700699032
above=270.9025237142699

void_weights
base=445.6341348095125
scale=-0.18285598839871553
sspeed=-100
sjump=-764.7403452230827
dy=1106.6575710142388
vy=960.1619292493892

pursue_player_weights
base=783.5693931730216
scale=500
skill=361.16640743431833
kill=-312.3526050917782
sspeed=128.34009109870183
speed=-153.47979131445817
sjump=150
jump=-156.3723259599059
sinvincible=259.43045774907995
invincible=-195.94064294235187
sphase=93.49747037397884
phase=-100
dx=-52.30853590213146
dy=-96.30720982485569
above=-10.942567190174062

pursue_boost_weights
base=700
scale=922.3680843762836
skill=-89.77439299054187
sspeed=-46.32254575251682
sjump=-36.55050634392905
sinvincible=-68.92285856500472
sphase=-27.449756823212336
dx=94.83997426198155
dy=140.3006524126516
above=-458.9349118544172
voidance=-320.05712614170386