maintain_constant=1449.3340127296963
past_ticks_constant=223.96145523762593
giveup_ticks=316.08290968488467

run_player_weights
base=64.35760181185576
scale=932.7399664223412
kill=612.2823934917774
speed=100
sinvincible=-350.8974385458334
dx=10
dy=7.680810394926076
above=300

void_weights
base=471.2440711404137
scale=1.7908399246385889
sspeed=-100
sjump=-700
dy=1106.6575710142388
vy=960.1619292493892

pursue_player_weights
base=946.3954852890482
scale=500
skill=337.4414399039594
kill=-312.3526050917782
sspeed=128.34009109870183
speed=-149.78294521213442
sjump=150
jump=-154.05377243386522
sinvincible=237.1910583508202
invincible=-207.32221702278895
sphase=87.78192226139825
phase=-100
dx=-55.01142299555917
dy=-100
above=-16.21271755522746

pursue_boost_weights
base=700
scale=766.3167774384401
skill=-76.50030863545378
sspeed=-40
sjump=-34.347051953405014
sinvincible=-68.92285856500472
sphase=-27.449756823212336
dx=100
dy=148.7744060440823
above=-500
voidance=-320.05712614170386