maintain_constant=1449.3340127296963
past_ticks_constant=218.78308133202736
giveup_ticks=345.9397408794435

run_player_weights
base=65.46332083053026
scale=932.7399664223412
kill=717.5377933669599
speed=100
sinvincible=-381.05095335416695
dx=14.317098206583653
dy=10.788280298343764
above=294.78906211123433

void_weights
base=445.6341348095125
scale=-0.18285598839871553
sspeed=-95.84878133509724
sjump=-700
dy=1237.9967025567942
vy=891.665277509655

pursue_player_weights
base=887.0413528445076
scale=560.8197116016331
skill=349.0880108402296
kill=-259.734525351332
sspeed=128.34009109870183
speed=-153.47979131445817
sjump=147.80108990710568
jump=-156.3723259599059
sinvincible=284.08782998748643
invincible=-216.8585607378389
sphase=93.49747037397884
phase=-100
dx=-52.30853590213146
dy=-127.52103335902181
above=-10.942567190174062

pursue_boost_weights
base=663.7172450631559
scale=619.7723757706251
skill=-94.69521002591546
sspeed=-46.32254575251682
sjump=-36.55050634392905
sinvincible=-68.92285856500472
sphase=-27.449756823212336
dx=106.28049105495332
dy=140.3006524126516
above=-500
voidance=-309.66245256123307