maintain_constant=1449.3340127296963
past_ticks_constant=223.96145523762593
giveup_ticks=316.08290968488467

run_player_weights
base=66.2232229363219
scale=932.7399664223412
kill=700
speed=100
sinvincible=-350.8974385458334
dx=10
dy=8.89361700699032
above=300

void_weights
base=473.4934934311717
scale=1.7908399246385889
sspeed=-108.63659318518417
sjump=-700
dy=1106.6575710142388
vy=960.1619292493892

pursue_player_weights
base=993.9884535196965
scale=500
skill=337.4414399039594
kill=-315.72085314024616
sspeed=128.34009109870183
speed=-149.78294521213442
sjump=150
jump=-158.0233570135171
sinvincible=237.1910583508202
invincible=-207.32221702278895
sphase=100
phase=-100
dx=-47.24776491158323
dy=-100
above=-10.942567190174062

pursue_boost_weights
base=700
scale=700
skill=-76.50030863545378
sspeed=-40
sjump=-36.55050634392905
sinvincible=-68.92285856500472
sphase=-27.449756823212336
dx=96.49037546469202
dy=165.48590902475172
above=-500
voidance=-320.05712614170386