maintain_constant=1274.862999410076
past_ticks_constant=223.96145523762593
giveup_ticks=316.08290968488467

run_player_weights
base=76.07782631214359
scale=932.7399664223412
kill=700
speed=100
sinvincible=-400
dx=10
dy=9.840907160432199
above=300

void_weights
base=473.4934934311717
scale=0.9140892610753262
sspeed=-88.24313543830309
sjump=-700
dy=1106.6575710142388
vy=1000

pursue_player_weights
base=905.684547450769
scale=500
skill=337.4414399039594
kill=-312.3526050917782
sspeed=144.36373511190425
speed=-150
sjump=150
jump=-150
sinvincible=237.19230395525128
invincible=-207.32221702278895
sphase=100
phase=-100
dx=-46.18723313597695
dy=-100
above=-13.408512496196352

pursue_boost_weights
base=700
scale=700
skill=-76.50030863545378
sspeed=-40
sjump=-40
sinvincible=-68.92285856500472
sphase=-31.994552788990436
dx=100
dy=148.7744060440823
above=-500
voidance=-320.05712614170386