maintain_constant=1449.3340127296963
past_ticks_constant=223.96145523762593
giveup_ticks=316.08290968488467

run_player_weights
base=64.1892256715442
scale=932.7399664223412
kill=700
speed=100
sinvincible=-350.8974385458334
dx=10
dy=8.89361700699032
above=300

void_weights
base=445.6341348095125
scale=1.7908399246385889
sspeed=-100
sjump=-700
dy=1106.6575710142388
vy=960.1619292493892

pursue_player_weights
base=783.5693931730216
scale=500
skill=350.56469872570176
kill=-312.3526050917782
sspeed=128.34009109870183
speed=-159.40437761579724
sjump=150
jump=-156.3723259599059
sinvincible=237.1910583508202
invincible=-202.9617336101698
sphase=93.49747037397884
phase=-100
dx=-43.67579876714612
dy=-100.38134000572462
above=-10.942567190174062

pursue_boost_weights
base=700
scale=700
skill=-76.50030863545378
sspeed=-40
sjump=-36.55050634392905
sinvincible=-68.92285856500472
sphase=-27.449756823212336
dx=96.49037546469202
dy=128.51547492602205
above=-500
voidance=-314.64731650141937