maintain_constant=1449.3340127296963
past_ticks_constant=223.96145523762593
giveup_ticks=345.9397408794435

run_player_weights
base=65.46332083053026
scale=932.7399664223412
kill=713.2095954198219
speed=100
sinvincible=-381.05095335416695
dx=10.406278391232714
dy=11.92312083669094
above=294.78906211123433

void_weights
base=496.57949719702316
scale=-0.18285598839871553
sspeed=-95.84878133509724
sjump=-700
dy=1237.9967025567942
vy=960.1619292493892

pursue_player_weights
base=887.0413528445076
scale=500
skill=349.0880108402296
kill=-259.734525351332
sspeed=120.16860901279938
speed=-153.47979131445817
sjump=150
jump=-135.4980588340953
sinvincible=290.7936530123625
invincible=-202.9617336101698
sphase=93.49747037397884
phase=-100
dx=-52.30853590213146
dy=-96.30720982485569
above=-10.942567190174062

pursue_boost_weights
base=707.6681159988761
scale=619.7723757706251
skill=-96.9320180989114
sspeed=-46.32254575251682
sjump=-36.55050634392905
sinvincible=-68.92285856500472
sphase=-27.449756823212336
dx=106.28049105495332
dy=140.3006524126516
above=-500
voidance=-320.05712614170386