maintain_constant=1449.3340127296963
past_ticks_constant=215.6360023908194
giveup_ticks=345.9397408794435

run_player_weights
base=65.46332083053026
scale=932.7399664223412
kill=717.5377933669599
speed=97.21771444966507
sinvincible=-381.05095335416695
dx=15.26396714860064
dy=10.788280298343764
above=279.0194237902231

void_weights
base=445.6341348095125
scale=-0.18285598839871553
sspeed=-95.84878133509724
sjump=-700
dy=1413.990822449465
vy=891.665277509655

pursue_player_weights
base=887.0413528445076
scale=552.8132377490139
skill=323.48217544973454
kill=-259.734525351332
sspeed=130.84469272566847
speed=-153.47979131445817
sjump=150
jump=-156.3723259599059
sinvincible=284.08782998748643
invincible=-216.8585607378389
sphase=96.55653853269128
phase=-128.0880527040814
dx=-42.91346599840624
dy=-111.88078375183728
above=-10.942567190174062

pursue_boost_weights
base=703.6674705600103
scale=605.303066531124
skill=-94.69521002591546
sspeed=-46.32254575251682
sjump=-39.77045655932495
sinvincible=-68.92285856500472
sphase=-27.449756823212336
dx=106.28049105495332
dy=165.33649481960248
above=-500
voidance=-286.28493499236356