maintain_constant=1449.3340127296963
past_ticks_constant=215.6360023908194
giveup_ticks=345.9397408794435

run_player_weights
base=65.46332083053026
scale=1039.7990553246404
kill=717.5377933669599
speed=97.21771444966507
sinvincible=-381.05095335416695
dx=15.26396714860064
dy=10.788280298343764
above=294.78906211123433

void_weights
base=486.8590969138638
scale=-0.18285598839871553
sspeed=-95.84878133509724
sjump=-700
dy=1210.8757966100804
vy=891.665277509655

pursue_player_weights
base=887.0413528445076
scale=500
skill=323.48217544973454
kill=-259.734525351332
sspeed=130.84469272566847
speed=-144.3498289796324
sjump=150
jump=-156.3723259599059
sinvincible=284.08782998748643
invincible=-216.8585607378389
sphase=94.93925817448726
phase=-128.0880527040814
dx=-52.30853590213146
dy=-125.41127655500323
above=-10.942567190174062

pursue_boost_weights
base=707.6681159988761
scale=619.7723757706251
skill=-94.69521002591546
sspeed=-46.32254575251682
sjump=-36.55050634392905
sinvincible=-68.92285856500472
sphase=-27.449756823212336
dx=106.28049105495332
dy=165.33649481960248
above=-500
voidance=-326.9524421609569