maintain_constant=1449.3340127296963
past_ticks_constant=215.6360023908194
giveup_ticks=345.9397408794435

run_player_weights
base=65.46332083053026
scale=898.5155545950117
kill=717.5377933669599
speed=97.21771444966507
sinvincible=-427.33894825411437
dx=23.192418521009273
dy=-3.2945621785299952
above=279.0194237902231

void_weights
base=490.9012601428067
scale=10.857384740181542
sspeed=-95.84878133509724
sjump=-657.438543002379
dy=1413.990822449465
vy=891.665277509655

pursue_player_weights
base=755.134237902499
scale=552.8132377490139
skill=382.2446178772355
kill=-283.16826075169047
sspeed=167.8346799262889
speed=-146.38384180449356
sjump=150
jump=-156.3723259599059
sinvincible=288.3730539961123
invincible=-216.8585607378389
sphase=96.55653853269128
phase=-134.64574588509163
dx=-39.0089948567168
dy=-125.41127655500323
above=-10.942567190174062

pursue_boost_weights
base=727.7419835207915
scale=605.303066531124
skill=-94.69521002591546
sspeed=-46.32254575251682
sjump=-46.06783238633216
sinvincible=-68.92285856500472
sphase=-27.733335278024192
dx=106.28049105495332
dy=165.33649481960248
above=-500
voidance=-342.0348428264628