maintain_constant=1449.3340127296963
past_ticks_constant=215.6360023908194
giveup_ticks=345.9397408794435

run_player_weights
base=85.21065592257723
scale=1124.7872770505737
kill=484.079123692312
speed=131.8562265101936
sinvincible=-369.45379347504985
dx=5.897410391058489
dy=0.45556451017272104
above=286.28376883891804

void_weights
base=533.0765336794078
scale=-5.536558977827582
sspeed=-110.86315047433973
sjump=-686.3814982250555
dy=663.698636972638
vy=1251.1834097766316

pursue_player_weights
base=943.2595349193047
scale=437.9757896112297
skill=343.7071851085163
kill=-337.62332471661466
sspeed=163.33007200371415
speed=-245.8429493830193
sjump=209.58360569438628
jump=-174.4075405533465
sinvincible=261.1406805665597
invincible=-205.8972733124041
sphase=93.66666267039294
phase=-122.25318469968356
dx=-44.571347633832865
dy=-66.4808791076032
above=9.193752608836824

pursue_boost_weights
base=612.5851187443101
scale=777.5353284810126
skill=-57.93583803515607
sspeed=-27.251403982782396
sjump=-46.033186295734986
sinvincible=-55.2603911053493
sphase=-25.515350034237443
dx=72.40974563433781
dy=192.6795750734332
above=-585.585683608227
voidance=-379.35373828892114