maintain_constant=1449.3340127296963
past_ticks_constant=215.6360023908194
giveup_ticks=345.9397408794435

run_player_weights
base=65.46332083053026
scale=898.5155545950117
kill=717.5377933669599
speed=100.14194832423594
sinvincible=-381.05095335416695
dx=27.152048591194394
dy=-3.2945621785299952
above=315.27385311865794

void_weights
base=490.9012601428067
scale=-0.18285598839871553
sspeed=-95.84878133509724
sjump=-657.438543002379
dy=1413.990822449465
vy=891.665277509655

pursue_player_weights
base=942.2541745775861
scale=552.8132377490139
skill=323.48217544973454
kill=-286.85828403680085
sspeed=140.5121785366507
speed=-153.47979131445817
sjump=150
jump=-156.3723259599059
sinvincible=284.08782998748643
invincible=-216.8585607378389
sphase=96.55653853269128
phase=-134.64574588509163
dx=-36.45984575313605
dy=-125.41127655500323
above=-10.942567190174062

pursue_boost_weights
base=703.6674705600103
scale=605.303066531124
skill=-94.69521002591546
sspeed=-46.32254575251682
sjump=-46.06783238633216
sinvincible=-68.92285856500472
sphase=-27.733335278024192
dx=106.28049105495332
dy=165.33649481960248
above=-500
voidance=-309.66245256123307