maintain_constant=1449.3340127296963
past_ticks_constant=215.6360023908194
giveup_ticks=345.9397408794435

run_player_weights
base=72.98138614802261
scale=1031.5040730411106
kill=700
speed=99.82220143053925
sinvincible=-353.8702373606769
dx=7.15153117817454
dy=7.944452992479314
above=300

void_weights
base=500
scale=0.01
sspeed=-100
sjump=-700
dy=745.5580510874559
vy=963.5558881796383

pursue_player_weights
base=1000
scale=500
skill=294.00873093283917
kill=-350
sspeed=150
speed=-173.38791478189907
sjump=181.11830027275983
jump=-150.5891339920808
sinvincible=250
invincible=-250
sphase=96.63491218564579
phase=-74.46421529837492
dx=-50.94445618280358
dy=-95.86988489524019
above=7.211215945667046

pursue_boost_weights
base=763.9638492757016
scale=782.2513026192918
skill=-59.90452779775874
sspeed=-40
sjump=-48.20341632235542
sinvincible=-60
sphase=-30.54944474048081
dx=100
dy=200
above=-500
voidance=-346.21496236019493