maintain_constant=1449.3340127296963
past_ticks_constant=215.6360023908194
giveup_ticks=345.9397408794435

run_player_weights
base=65.46332083053026
scale=939.9686578692765
kill=717.5377933669599
speed=100
sinvincible=-381.05095335416695
dx=15.26396714860064
dy=6.913807306757743
above=294.78906211123433

void_weights
base=445.6341348095125
scale=-0.18285598839871553
sspeed=-95.84878133509724
sjump=-700
dy=1210.8757966100804
vy=891.665277509655

pursue_player_weights
base=887.0413528445076
scale=500
skill=349.0880108402296
kill=-259.734525351332
sspeed=130.84469272566847
speed=-153.47979131445817
sjump=150
jump=-156.3723259599059
sinvincible=284.08782998748643
invincible=-216.8585607378389
sphase=93.49747037397884
phase=-113.53910709862429
dx=-52.30853590213146
dy=-125.41127655500323
above=-10.942567190174062

pursue_boost_weights
base=707.6681159988761
scale=619.7723757706251
skill=-94.69521002591546
sspeed=-46.32254575251682
sjump=-36.55050634392905
sinvincible=-68.92285856500472
sphase=-27.449756823212336
dx=106.28049105495332
dy=140.3006524126516
above=-500
voidance=-309.66245256123307