maintain_constant=1449.3340127296963
past_ticks_constant=215.6360023908194
giveup_ticks=345.9397408794435

run_player_weights
base=85.21065592257723
scale=1124.7872770505737
kill=484.079123692312
speed=114.19660481627969
sinvincible=-369.45379347504985
dx=4.51086698326481
dy=1.6277144302196365
above=240.6416401870342

void_weights
base=585.6639565472528
scale=-4.960850471468988
sspeed=-110.86315047433973
sjump=-705.1580291058807
dy=663.698636972638
vy=1355.2239789992798

pursue_player_weights
base=847.7499194735728
scale=460.8360290429042
skill=374.9666758464749
kill=-337.62332471661466
sspeed=180.5323152873801
speed=-263.2868045826752
sjump=233.65310120516833
jump=-174.4075405533465
sinvincible=239.37220885830624
invincible=-205.8972733124041
sphase=93.66666267039294
phase=-122.25318469968356
dx=-43.459950612346624
dy=-61.10891533309443
above=3.8901256810734917

pursue_boost_weights
base=612.5851187443101
scale=810.2626275848975
skill=-57.93583803515607
sspeed=-23.944356884720985
sjump=-46.033186295734986
sinvincible=-55.2603911053493
sphase=-27.896629347382927
dx=72.40974563433781
dy=192.6795750734332
above=-585.585683608227
voidance=-394.60099877647593