maintain_constant=1395.6216680468622
past_ticks_constant=215.6360023908194
giveup_ticks=417.55297853233157

run_player_weights
base=52.614901192228515
scale=1106.4796219673035
kill=504.07681981394364
speed=114.19660481627969
sinvincible=-340.33591685006314
dx=7.692589960716598
dy=3.8296447239304308
above=282.6859752881485

void_weights
base=585.6639565472528
scale=-5.853184751690003
sspeed=-111.98512085558446
sjump=-836.7446941770005
dy=722.1584363596653
vy=1355.3964594778938

pursue_player_weights
base=847.7499194735728
scale=382.0134711909034
skill=319.0665773548626
kill=-337.4081426978981
sspeed=171.5656482885234
speed=-223.82142523940388
sjump=233.65310120516833
jump=-189.33768804237528
sinvincible=280.7100094776585
invincible=-127.20010691356913
sphase=84.59227851883684
phase=-133.43616176226104
dx=-38.89446800919679
dy=-61.10891533309443
above=3.8901256810734917

pursue_boost_weights
base=477.5977016862868
scale=887.2351314120924
skill=-39.21993782784411
sspeed=-22.2714089357912
sjump=-39.17740477290931
sinvincible=-53.261459737118784
sphase=-27.896629347382927
dx=75.46959708429085
dy=191.19172784543682
above=-550.3713818629832
voidance=-451.995385228025