maintain_constant=1449.3340127296963
past_ticks_constant=215.6360023908194
giveup_ticks=417.55297853233157

run_player_weights
base=85.21065592257723
scale=1124.7872770505737
kill=504.07681981394364
speed=131.66081061802615
sinvincible=-369.45379347504985
dx=7.692589960716598
dy=1.6277144302196365
above=300.16936715428335

void_weights
base=585.6639565472528
scale=-6.2300172849911855
sspeed=-110.86315047433973
sjump=-762.882539775839
dy=663.698636972638
vy=1251.1834097766316

pursue_player_weights
base=824.904630346611
scale=398.99559914973935
skill=342.58016379277984
kill=-337.62332471661466
sspeed=163.33007200371415
speed=-243.598643788656
sjump=233.65310120516833
jump=-174.4075405533465
sinvincible=261.1406805665597
invincible=-205.8972733124041
sphase=93.66666267039294
phase=-162.33749394256398
dx=-50.613557447598645
dy=-61.10891533309443
above=3.8901256810734917

pursue_boost_weights
base=612.5851187443101
scale=810.2626275848975
skill=-57.93583803515607
sspeed=-22.2714089357912
sjump=-41.803349887798916
sinvincible=-55.2603911053493
sphase=-27.896629347382927
dx=72.40974563433781
dy=192.6795750734332
above=-585.585683608227
voidance=-394.60099877647593