maintain_constant=1395.6216680468622
past_ticks_constant=215.6360023908194
giveup_ticks=502.29955686019

run_player_weights
base=48.3416633292394
scale=1124.7872770505737
kill=475.1804946485443
speed=114.19660481627969
sinvincible=-340.33591685006314
dx=7.692589960716598
dy=6.399050297168184
above=270.1120800823296

void_weights
base=585.6639565472528
scale=-15.338816147793985
sspeed=-111.98512085558446
sjump=-778.7082842425388
dy=722.1584363596653
vy=1349.735513053973

pursue_player_weights
base=948.7518951152015
scale=382.0134711909034
skill=319.0665773548626
kill=-356.1611126724308
sspeed=173.09318949832831
speed=-232.62940611276963
sjump=233.65310120516833
jump=-189.33768804237528
sinvincible=280.7100094776585
invincible=-135.81784598239997
sphase=84.59227851883684
phase=-128.7496061591894
dx=-37.528860458669726
dy=-61.10891533309443
above=3.8901256810734917

pursue_boost_weights
base=447.6169758301446
scale=1033.0468251488276
skill=-39.21993782784411
sspeed=-22.2714089357912
sjump=-37.562698969172985
sinvincible=-55.39257918822546
sphase=-21.705642546706027
dx=75.46959708429085
dy=191.19172784543682
above=-574.2710126584018
voidance=-445.69893623523336