maintain_constant=1570.610954435398
past_ticks_constant=215.6360023908194
giveup_ticks=417.55297853233157

run_player_weights
base=48.3416633292394
scale=1124.7872770505737
kill=504.07681981394364
speed=114.19660481627969
sinvincible=-340.33591685006314
dx=7.692589960716598
dy=6.399050297168184
above=282.6859752881485

void_weights
base=585.6639565472528
scale=-6.2300172849911855
sspeed=-111.98512085558446
sjump=-778.7082842425388
dy=722.1584363596653
vy=1251.1834097766316

pursue_player_weights
base=847.7499194735728
scale=382.0134711909034
skill=319.0665773548626
kill=-337.62332471661466
sspeed=173.09318949832831
speed=-232.62940611276963
sjump=233.65310120516833
jump=-189.33768804237528
sinvincible=280.7100094776585
invincible=-167.19207974089497
sphase=84.59227851883684
phase=-162.33749394256398
dx=-36.03721344862407
dy=-61.10891533309443
above=3.8901256810734917

pursue_boost_weights
base=477.5977016862868
scale=887.2351314120924
skill=-39.21993782784411
sspeed=-22.2714089357912
sjump=-37.562698969172985
sinvincible=-53.261459737118784
sphase=-27.896629347382927
dx=75.46959708429085
dy=191.19172784543682
above=-585.6175394347744
voidance=-394.60099877647593