maintain_constant=1395.6216680468622
past_ticks_constant=215.6360023908194
giveup_ticks=502.29955686019

run_player_weights
base=42.55296697830626
scale=1124.7872770505737
kill=504.07681981394364
speed=114.19660481627969
sinvincible=-340.33591685006314
dx=7.692589960716598
dy=6.399050297168184
above=282.6859752881485

void_weights
base=585.6639565472528
scale=-15.338816147793985
sspeed=-111.98512085558446
sjump=-778.7082842425388
dy=722.1584363596653
vy=1251.1834097766316

pursue_player_weights
base=847.7499194735728
scale=382.0134711909034
skill=356.46186556202167
kill=-380.77816858364946
sspeed=173.09318949832831
speed=-232.62940611276963
sjump=233.65310120516833
jump=-189.33768804237528
sinvincible=280.7100094776585
invincible=-126.54571770568502
sphase=84.59227851883684
phase=-133.43616176226104
dx=-47.14054035441098
dy=-61.10891533309443
above=4.925523673993909

pursue_boost_weights
base=475.2881370056862
scale=887.2351314120924
skill=-42.619506964218964
sspeed=-22.2714089357912
sjump=-37.562698969172985
sinvincible=-55.39257918822546
sphase=-27.896629347382927
dx=75.46959708429085
dy=191.19172784543682
above=-574.2710126584018
voidance=-482.6733515583269