maintain_constant=1449.3340127296963
past_ticks_constant=215.6360023908194
giveup_ticks=417.55297853233157

run_player_weights
base=85.21065592257723
scale=1124.7872770505737
kill=504.07681981394364
speed=140.53778040858407
sinvincible=-340.33591685006314
dx=7.692589960716598
dy=6.399050297168184
above=294.7774951251765

void_weights
base=585.6639565472528
scale=-6.2300172849911855
sspeed=-110.86315047433973
sjump=-778.7082842425388
dy=622.7345931650024
vy=1251.1834097766316

pursue_player_weights
base=847.7499194735728
scale=382.0134711909034
skill=342.58016379277984
kill=-337.62332471661466
sspeed=163.33007200371415
speed=-243.598643788656
sjump=233.65310120516833
jump=-174.4075405533465
sinvincible=261.1406805665597
invincible=-182.9279760915183
sphase=84.59227851883684
phase=-162.33749394256398
dx=-50.613557447598645
dy=-61.10891533309443
above=3.8901256810734917

pursue_boost_weights
base=535.2037124369463
scale=887.2351314120924
skill=-39.21993782784411
sspeed=-22.2714089357912
sjump=-37.562698969172985
sinvincible=-55.2603911053493
sphase=-27.896629347382927
dx=73.8881380508202
dy=191.19172784543682
above=-585.585683608227
voidance=-357.8199060844714