maintain_constant=1395.6216680468622
past_ticks_constant=235.93287643097938
giveup_ticks=502.29955686019

run_player_weights
base=48.3416633292394
scale=970.8282927406327
kill=504.07681981394364
speed=114.19660481627969
sinvincible=-317.5502960637871
dx=7.692589960716598
dy=6.399050297168184
above=270.1120800823296

void_weights
base=585.6639565472528
scale=-14.645886546220803
sspeed=-95.63376818783078
sjump=-715.5831893186818
dy=722.1584363596653
vy=1251.1834097766316

pursue_player_weights
base=948.7518951152015
scale=382.0134711909034
skill=323.8712982949499
kill=-356.1611126724308
sspeed=162.08763922801234
speed=-232.62940611276963
sjump=233.65310120516833
jump=-189.33768804237528
sinvincible=280.7100094776585
invincible=-131.34064446614897
sphase=84.59227851883684
phase=-128.7496061591894
dx=-44.71291183751676
dy=-61.10891533309443
above=3.8901256810734917

pursue_boost_weights
base=475.2881370056862
scale=1033.0468251488276
skill=-39.21993782784411
sspeed=-22.2714089357912
sjump=-37.562698969172985
sinvincible=-55.39257918822546
sphase=-27.896629347382927
dx=75.46959708429085
dy=170.67340687516761
above=-574.2710126584018
voidance=-445.69893623523336