maintain_constant=1395.6216680468622
past_ticks_constant=215.6360023908194
giveup_ticks=502.29955686019

run_player_weights
base=48.3416633292394
scale=1124.7872770505737
kill=473.1720730137213
speed=114.19660481627969
sinvincible=-340.33591685006314
dx=9.76523520432824
dy=6.399050297168184
above=270.1120800823296

void_weights
base=585.6639565472528
scale=-22.61788036945131
sspeed=-111.98512085558446
sjump=-715.5831893186818
dy=722.1584363596653
vy=1251.1834097766316

pursue_player_weights
base=948.7518951152015
scale=311.7234022745931
skill=329.2566495543884
kill=-356.1611126724308
sspeed=162.08763922801234
speed=-234.79987694008918
sjump=233.65310120516833
jump=-189.33768804237528
sinvincible=280.7100094776585
invincible=-135.81784598239997
sphase=84.59227851883684
phase=-140.07956414385785
dx=-44.71291183751676
dy=-61.10891533309443
above=3.8901256810734917

pursue_boost_weights
base=475.2881370056862
scale=1033.0468251488276
skill=-41.11564634278421
sspeed=-22.2714089357912
sjump=-37.562698969172985
sinvincible=-55.39257918822546
sphase=-27.896629347382927
dx=75.46959708429085
dy=191.19172784543682
above=-574.2710126584018
voidance=-445.69893623523336