maintain_constant=1448.5383277033593
past_ticks_constant=235.93287643097938
giveup_ticks=502.29955686019

run_player_weights
base=51.06580159053988
scale=1112.9431705404807
kill=504.07681981394364
speed=114.19660481627969
sinvincible=-317.5502960637871
dx=14.851604326591305
dy=7.480129174757883
above=272.6173938884543

void_weights
base=618.3245009025309
scale=-13.633480143301062
sspeed=-79.40856477092082
sjump=-704.4249770523069
dy=707.2819997051447
vy=1251.1834097766316

pursue_player_weights
base=964.597924440131
scale=382.0134711909034
skill=293.91615737986183
kill=-327.18256158994325
sspeed=162.08763922801234
speed=-238.09884287826623
sjump=233.65310120516833
jump=-176.35199587119143
sinvincible=280.7100094776585
invincible=-135.81784598239997
sphase=73.955940257901
phase=-141.36457186002758
dx=-57.636157141969235
dy=-65.56414547375857
above=17.131188838236973

pursue_boost_weights
base=475.2881370056862
scale=1130.4128728967632
skill=-39.21993782784411
sspeed=-19.53903539212241
sjump=-26.502251020378726
sinvincible=-75.64466860885537
sphase=-28.14054014199852
dx=88.94578887718855
dy=142.6374088521265
above=-506.1451262231764
voidance=-455.7495288663675