maintain_constant=1448.5383277033593
past_ticks_constant=235.93287643097938
giveup_ticks=502.29955686019

run_player_weights
base=48.83758431987548
scale=1112.9431705404807
kill=504.07681981394364
speed=114.19660481627969
sinvincible=-343.1038299960163
dx=14.851604326591305
dy=7.480129174757883
above=261.3104859144169

void_weights
base=618.3245009025309
scale=-13.633480143301062
sspeed=-79.40856477092082
sjump=-715.5831893186818
dy=722.1584363596653
vy=1251.1834097766316

pursue_player_weights
base=1035.8918104630636
scale=382.0134711909034
skill=319.0665773548626
kill=-338.22267067406415
sspeed=162.08763922801234
speed=-232.62940611276963
sjump=233.65310120516833
jump=-176.35199587119143
sinvincible=280.7100094776585
invincible=-130.69144293798433
sphase=84.59227851883684
phase=-142.37894882266005
dx=-57.52931864030938
dy=-65.56414547375857
above=2.76753956123324

pursue_boost_weights
base=475.2881370056862
scale=1130.4128728967632
skill=-39.21993782784411
sspeed=-22.664840862334472
sjump=-37.562698969172985
sinvincible=-67.76589527152757
sphase=-28.14054014199852
dx=75.46959708429085
dy=162.35404245431883
above=-639.0262751831824
voidance=-455.7495288663675