maintain_constant=1395.6216680468622
past_ticks_constant=235.93287643097938
giveup_ticks=502.29955686019

run_player_weights
base=48.3416633292394
scale=1124.7872770505737
kill=466.8765075119633
speed=114.19660481627969
sinvincible=-366.7846464799407
dx=7.692589960716598
dy=7.480129174757883
above=270.1120800823296

void_weights
base=618.3245009025309
scale=-14.934946120369034
sspeed=-95.63376818783078
sjump=-715.5831893186818
dy=722.1584363596653
vy=1251.1834097766316

pursue_player_weights
base=947.0622087352714
scale=382.0134711909034
skill=319.0665773548626
kill=-356.1611126724308
sspeed=162.08763922801234
speed=-232.62940611276963
sjump=233.65310120516833
jump=-189.33768804237528
sinvincible=280.7100094776585
invincible=-135.81784598239997
sphase=84.59227851883684
phase=-128.7496061591894
dx=-50.40320355024341
dy=-65.56414547375857
above=3.8901256810734917

pursue_boost_weights
base=475.2881370056862
scale=1033.0468251488276
skill=-39.21993782784411
sspeed=-23.134433797810082
sjump=-37.562698969172985
sinvincible=-55.39257918822546
sphase=-28.14054014199852
dx=75.46959708429085
dy=191.19172784543682
above=-574.2710126584018
voidance=-455.7495288663675