maintain_constant=1594.6313043866198
past_ticks_constant=235.93287643097938
giveup_ticks=502.29955686019

run_player_weights
base=61.49206018271447
scale=1112.9431705404807
kill=504.07681981394364
speed=114.19660481627969
sinvincible=-333.75257372877996
dx=14.851604326591305
dy=7.480129174757883
above=272.6173938884543

void_weights
base=618.3245009025309
scale=-13.633480143301062
sspeed=-79.40856477092082
sjump=-704.4249770523069
dy=719.1190323027856
vy=1251.1834097766316

pursue_player_weights
base=964.597924440131
scale=382.0134711909034
skill=319.05778356461974
kill=-327.18256158994325
sspeed=146.62689210728678
speed=-238.09884287826623
sjump=233.65310120516833
jump=-163.83702481614955
sinvincible=231.65888019114522
invincible=-135.81784598239997
sphase=73.955940257901
phase=-141.36457186002758
dx=-57.636157141969235
dy=-65.56414547375857
above=18.666047700738186

pursue_boost_weights
base=475.2881370056862
scale=1130.4128728967632
skill=-41.705421300854354
sspeed=-20.436733507413713
sjump=-29.660921020809074
sinvincible=-75.64466860885537
sphase=-28.14054014199852
dx=74.44581945587353
dy=142.6374088521265
above=-594.2418773140882
voidance=-455.7495288663675