maintain_constant=1448.5383277033593
past_ticks_constant=235.93287643097938
giveup_ticks=502.29955686019

run_player_weights
base=48.3416633292394
scale=1112.9431705404807
kill=504.07681981394364
speed=114.19660481627969
sinvincible=-317.5502960637871
dx=7.692589960716598
dy=7.480129174757883
above=270.1120800823296

void_weights
base=618.3245009025309
scale=-13.633480143301062
sspeed=-52.77987852402563
sjump=-715.5831893186818
dy=722.1584363596653
vy=1251.1834097766316

pursue_player_weights
base=947.0622087352714
scale=382.0134711909034
skill=319.0665773548626
kill=-338.22267067406415
sspeed=162.08763922801234
speed=-272.3232685419747
sjump=233.65310120516833
jump=-189.33768804237528
sinvincible=280.7100094776585
invincible=-135.81784598239997
sphase=84.59227851883684
phase=-128.7496061591894
dx=-57.52931864030938
dy=-65.56414547375857
above=2.76753956123324

pursue_boost_weights
base=475.2881370056862
scale=1130.4128728967632
skill=-39.21993782784411
sspeed=-22.2714089357912
sjump=-37.562698969172985
sinvincible=-55.39257918822546
sphase=-27.382586202863383
dx=75.46959708429085
dy=191.19172784543682
above=-574.2710126584018
voidance=-455.7495288663675