maintain_constant=1594.6313043866198
past_ticks_constant=235.93287643097938
giveup_ticks=555.0881258436144

run_player_weights
base=51.06580159053988
scale=1112.9431705404807
kill=556.0564352273333
speed=114.19660481627969
sinvincible=-200.2529928210361
dx=14.851604326591305
dy=7.480129174757883
above=272.6173938884543

void_weights
base=618.3245009025309
scale=-13.633480143301062
sspeed=-79.40856477092082
sjump=-917.1099378936251
dy=719.1190323027856
vy=1446.8927115513

pursue_player_weights
base=964.597924440131
scale=382.0134711909034
skill=319.05778356461974
kill=-327.18256158994325
sspeed=146.62689210728678
speed=-261.63988222078814
sjump=233.65310120516833
jump=-163.83702481614955
sinvincible=231.65888019114522
invincible=-135.81784598239997
sphase=73.955940257901
phase=-141.36457186002758
dx=-61.84016722267029
dy=-65.56414547375857
above=31.612014157479557

pursue_boost_weights
base=486.73152945279725
scale=1308.4204830357269
skill=-39.21993782784411
sspeed=-15.298092565579886
sjump=-37.548088403797934
sinvincible=-75.64466860885537
sphase=-36.71338471465975
dx=84.46170507355832
dy=142.6374088521265
above=-634.7180303247145
voidance=-455.7495288663675