maintain_constant=1594.6313043866198
past_ticks_constant=235.93287643097938
giveup_ticks=555.0881258436144

run_player_weights
base=51.06580159053988
scale=1269.4817421799476
kill=556.0564352273333
speed=114.19660481627969
sinvincible=-200.2529928210361
dx=14.851604326591305
dy=7.480129174757883
above=233.5160915090917

void_weights
base=618.3245009025309
scale=-19.699323492355706
sspeed=-71.36685119433695
sjump=-917.1099378936251
dy=719.1190323027856
vy=1365.1321352062635

pursue_player_weights
base=1029.5123715852694
scale=382.0134711909034
skill=319.05778356461974
kill=-327.18256158994325
sspeed=146.62689210728678
speed=-263.77358777656946
sjump=209.86459783447523
jump=-157.92963964795715
sinvincible=231.65888019114522
invincible=-135.81784598239997
sphase=73.955940257901
phase=-141.36457186002758
dx=-61.84016722267029
dy=-65.56414547375857
above=27.95773965055438

pursue_boost_weights
base=486.73152945279725
scale=1308.4204830357269
skill=-39.21993782784411
sspeed=-15.298092565579886
sjump=-37.548088403797934
sinvincible=-75.64466860885537
sphase=-36.71338471465975
dx=87.2617136025268
dy=142.6374088521265
above=-662.9646251940519
voidance=-455.47226107209127