maintain_constant=1594.6313043866198
past_ticks_constant=201.08018443931618
giveup_ticks=555.0881258436144

run_player_weights
base=51.06580159053988
scale=1269.4817421799476
kill=556.0564352273333
speed=124.70795462142448
sinvincible=-205.53752753649022
dx=14.851604326591305
dy=7.480129174757883
above=277.00410275013996

void_weights
base=471.0378285350193
scale=-16.464126343759364
sspeed=-80.16503611639696
sjump=-917.1099378936251
dy=719.1190323027856
vy=1605.9795727522633

pursue_player_weights
base=1029.5123715852694
scale=363.3687814716514
skill=319.05778356461974
kill=-327.18256158994325
sspeed=158.61674567969092
speed=-261.63988222078814
sjump=237.73002862710405
jump=-163.83702481614955
sinvincible=257.6936616395832
invincible=-135.81784598239997
sphase=70.8672526956847
phase=-141.36457186002758
dx=-61.84016722267029
dy=-65.56414547375857
above=28.61334362303908

pursue_boost_weights
base=486.73152945279725
scale=1365.4653797634078
skill=-39.21993782784411
sspeed=-15.298092565579886
sjump=-37.548088403797934
sinvincible=-75.64466860885537
sphase=-34.04683247590229
dx=87.2617136025268
dy=142.6374088521265
above=-634.7180303247145
voidance=-455.47226107209127