maintain_constant=1594.6313043866198
past_ticks_constant=201.08018443931618
giveup_ticks=555.0881258436144

run_player_weights
base=34.13716892315421
scale=1269.4817421799476
kill=556.0564352273333
speed=106.72875780295085
sinvincible=-202.4411815845751
dx=11.667920357803684
dy=7.480129174757883
above=313.538735208324

void_weights
base=481.0577955009974
scale=-21.326527001378174
sspeed=-80.16503611639696
sjump=-917.1099378936251
dy=719.1190323027856
vy=1605.9795727522633

pursue_player_weights
base=1029.5123715852694
scale=367.7938082145677
skill=319.05778356461974
kill=-327.18256158994325
sspeed=158.61674567969092
speed=-261.63988222078814
sjump=237.73002862710405
jump=-137.33244786270794
sinvincible=262.08927251301765
invincible=-131.09894645407775
sphase=70.8672526956847
phase=-141.36457186002758
dx=-61.84016722267029
dy=-65.56414547375857
above=28.61334362303908

pursue_boost_weights
base=486.73152945279725
scale=1571.5940844746249
skill=-39.21993782784411
sspeed=-15.298092565579886
sjump=-37.548088403797934
sinvincible=-73.11721668939073
sphase=-62.803410221597936
dx=87.2617136025268
dy=143.11307885408124
above=-459.80721599555795
voidance=-455.47226107209127