maintain_constant=1594.6313043866198
past_ticks_constant=201.08018443931618
giveup_ticks=555.0881258436144

run_player_weights
base=34.13716892315421
scale=1269.4817421799476
kill=556.0564352273333
speed=114.19660481627969
sinvincible=-194.14836273668988
dx=14.851604326591305
dy=7.480129174757883
above=315.3672443955214

void_weights
base=471.0378285350193
scale=-12.78662359035032
sspeed=-80.16503611639696
sjump=-836.5606835598591
dy=719.1190323027856
vy=1605.9795727522633

pursue_player_weights
base=1029.5123715852694
scale=382.0134711909034
skill=319.05778356461974
kill=-327.18256158994325
sspeed=158.61674567969092
speed=-324.5734853484587
sjump=237.73002862710405
jump=-137.33244786270794
sinvincible=229.69474443834633
invincible=-141.4696482733083
sphase=71.83907656067439
phase=-141.36457186002758
dx=-61.84016722267029
dy=-65.56414547375857
above=28.61334362303908

pursue_boost_weights
base=486.73152945279725
scale=1425.471748384696
skill=-39.21993782784411
sspeed=-15.298092565579886
sjump=-37.548088403797934
sinvincible=-75.64466860885537
sphase=-46.478420073661205
dx=87.2617136025268
dy=142.6374088521265
above=-634.7180303247145
voidance=-455.47226107209127