maintain_constant=1594.6313043866198
past_ticks_constant=235.93287643097938
giveup_ticks=555.0881258436144

run_player_weights
base=51.25180778694924
scale=1536.7340695966445
kill=556.0564352273333
speed=114.19660481627969
sinvincible=-200.2529928210361
dx=14.851604326591305
dy=7.480129174757883
above=277.42054562026016

void_weights
base=575.9551258997918
scale=-16.464126343759364
sspeed=-80.16503611639696
sjump=-917.1099378936251
dy=719.1190323027856
vy=1605.9795727522633

pursue_player_weights
base=1029.5123715852694
scale=382.0134711909034
skill=319.05778356461974
kill=-327.18256158994325
sspeed=158.61674567969092
speed=-261.63988222078814
sjump=209.86459783447523
jump=-163.83702481614955
sinvincible=231.65888019114522
invincible=-135.81784598239997
sphase=73.955940257901
phase=-130.4107654606249
dx=-61.84016722267029
dy=-65.56414547375857
above=28.61334362303908

pursue_boost_weights
base=486.73152945279725
scale=1385.6191583711245
skill=-39.21993782784411
sspeed=-15.298092565579886
sjump=-37.548088403797934
sinvincible=-75.64466860885537
sphase=-36.71338471465975
dx=87.2617136025268
dy=167.65253888046976
above=-634.7180303247145
voidance=-455.47226107209127