maintain_constant=1739.9027579360293
past_ticks_constant=201.08018443931618
giveup_ticks=499.3886376352914

run_player_weights
base=34.13716892315421
scale=1091.7316703971455
kill=556.0564352273333
speed=92.4608398020584
sinvincible=-142.84250839531217
dx=14.851604326591305
dy=8.041307154558972
above=290.58868842112076

void_weights
base=481.0577955009974
scale=-23.44415553563205
sspeed=-81.74640801877264
sjump=-818.2507389952372
dy=555.0627592185683
vy=1605.9795727522633

pursue_player_weights
base=1029.5123715852694
scale=280.4332773189319
skill=331.95199481913295
kill=-325.1896163892323
sspeed=157.78156950756156
speed=-261.63988222078814
sjump=267.12412139273823
jump=-111.46809690560954
sinvincible=197.9517378989227
invincible=-126.93020446170121
sphase=71.6502976505319
phase=-141.36457186002758
dx=-68.09913253008733
dy=-58.22478828469349
above=28.61334362303908

pursue_boost_weights
base=439.3655288803339
scale=1425.471748384696
skill=-40.071012313424035
sspeed=-16.084134250585585
sjump=-39.77192131992314
sinvincible=-75.64466860885537
sphase=-58.25377698389581
dx=97.54233195998421
dy=112.51345310040935
above=-397.3198216571192
voidance=-455.47226107209127