maintain_constant=1594.6313043866198
past_ticks_constant=201.08018443931618
giveup_ticks=499.3886376352914

run_player_weights
base=34.13716892315421
scale=1269.4817421799476
kill=556.0564352273333
speed=100.91595020316531
sinvincible=-142.84250839531217
dx=14.851604326591305
dy=5.123947737113102
above=290.58868842112076

void_weights
base=481.0577955009974
scale=-21.326527001378174
sspeed=-81.74640801877264
sjump=-818.2507389952372
dy=555.0627592185683
vy=1605.9795727522633

pursue_player_weights
base=1029.5123715852694
scale=320.44689654297514
skill=319.05778356461974
kill=-327.18256158994325
sspeed=158.61674567969092
speed=-261.63988222078814
sjump=254.09884648095522
jump=-111.46809690560954
sinvincible=256.20160476856597
invincible=-161.56750079158684
sphase=71.6502976505319
phase=-141.36457186002758
dx=-80.71251294415796
dy=-65.56414547375857
above=28.61334362303908

pursue_boost_weights
base=439.3655288803339
scale=1425.471748384696
skill=-39.21993782784411
sspeed=-15.298092565579886
sjump=-36.44833851901811
sinvincible=-70.16920273169983
sphase=-60.10361477263799
dx=97.54233195998421
dy=112.51345310040935
above=-397.3198216571192
voidance=-455.47226107209127