maintain_constant=1739.9027579360293
past_ticks_constant=201.08018443931618
giveup_ticks=499.3886376352914

run_player_weights
base=34.13716892315421
scale=1269.4817421799476
kill=556.0564352273333
speed=100.91595020316531
sinvincible=-154.2080154176242
dx=14.851604326591305
dy=4.675622214853581
above=290.58868842112076

void_weights
base=481.0577955009974
scale=-17.53816959523021
sspeed=-81.74640801877264
sjump=-818.2507389952372
dy=555.0627592185683
vy=1605.9795727522633

pursue_player_weights
base=1029.5123715852694
scale=320.44689654297514
skill=331.95199481913295
kill=-325.1896163892323
sspeed=158.61674567969092
speed=-261.63988222078814
sjump=254.09884648095522
jump=-111.46809690560954
sinvincible=238.38239591845027
invincible=-126.93020446170121
sphase=71.6502976505319
phase=-141.36457186002758
dx=-68.09913253008733
dy=-65.56414547375857
above=28.61334362303908

pursue_boost_weights
base=439.3655288803339
scale=1425.471748384696
skill=-40.071012313424035
sspeed=-19.532120941218892
sjump=-37.548088403797934
sinvincible=-75.64466860885537
sphase=-58.25377698389581
dx=97.54233195998421
dy=121.13235524763607
above=-397.3198216571192
voidance=-455.47226107209127