maintain_constant=1594.6313043866198
past_ticks_constant=201.08018443931618
giveup_ticks=555.0881258436144

run_player_weights
base=25.47731180459863
scale=1440.1401173267357
kill=556.0564352273333
speed=96.38161680049795
sinvincible=-142.84250839531217
dx=14.851604326591305
dy=5.123947737113102
above=290.58868842112076

void_weights
base=519.6329612205642
scale=-21.326527001378174
sspeed=-81.74640801877264
sjump=-818.2507389952372
dy=619.0491697591644
vy=1605.9795727522633

pursue_player_weights
base=1029.5123715852694
scale=320.44689654297514
skill=319.05778356461974
kill=-327.18256158994325
sspeed=158.61674567969092
speed=-261.63988222078814
sjump=254.09884648095522
jump=-111.46809690560954
sinvincible=262.08927251301765
invincible=-126.93020446170121
sphase=71.6502976505319
phase=-137.92319404236648
dx=-75.2269716438811
dy=-61.41220946078341
above=21.656620152468744

pursue_boost_weights
base=486.73152945279725
scale=1425.471748384696
skill=-31.265627070299068
sspeed=-15.298092565579886
sjump=-37.548088403797934
sinvincible=-75.64466860885537
sphase=-63.76488653720357
dx=87.2617136025268
dy=112.06121365744183
above=-397.3198216571192
voidance=-458.78900321324784