maintain_constant=1739.9027579360293
past_ticks_constant=201.08018443931618
giveup_ticks=499.3886376352914

run_player_weights
base=30.871979055487785
scale=1601.978637738762
kill=556.0564352273333
speed=92.4608398020584
sinvincible=-140.5612166329687
dx=16.37851463709495
dy=8.214530790033868
above=285.1187589899543

void_weights
base=481.0577955009974
scale=-18.58254002931105
sspeed=-78.51548658693375
sjump=-818.2507389952372
dy=588.0970563594911
vy=1685.1766274878287

pursue_player_weights
base=1159.4528042934194
scale=300.06369613397527
skill=367.8490235184156
kill=-325.1896163892323
sspeed=142.5418669733895
speed=-295.97623030992196
sjump=267.12412139273823
jump=-128.51551245157194
sinvincible=197.9517378989227
invincible=-126.93020446170121
sphase=65.64424988219304
phase=-141.36457186002758
dx=-59.638660935147875
dy=-58.22478828469349
above=28.61334362303908

pursue_boost_weights
base=375.13220195744634
scale=1425.471748384696
skill=-46.17872246286738
sspeed=-19.532120941218892
sjump=-30.076175052565446
sinvincible=-61.54147185439728
sphase=-58.25377698389581
dx=97.54233195998421
dy=103.60077254401324
above=-383.8225570019634
voidance=-455.47226107209127