maintain_constant=1739.9027579360293
past_ticks_constant=201.08018443931618
giveup_ticks=499.3886376352914

run_player_weights
base=34.13716892315421
scale=957.0741678144373
kill=556.0564352273333
speed=92.4608398020584
sinvincible=-143.85249598501142
dx=14.851604326591305
dy=5.123947737113102
above=290.58868842112076

void_weights
base=513.4525929334559
scale=-23.44415553563205
sspeed=-81.74640801877264
sjump=-818.2507389952372
dy=588.0970563594911
vy=1605.9795727522633

pursue_player_weights
base=1029.5123715852694
scale=308.67647360964594
skill=331.95199481913295
kill=-325.1896163892323
sspeed=158.61674567969092
speed=-286.9048498733083
sjump=267.12412139273823
jump=-111.46809690560954
sinvincible=197.9517378989227
invincible=-126.93020446170121
sphase=70.37757375962154
phase=-141.36457186002758
dx=-79.54689876389781
dy=-62.40543420277108
above=28.61334362303908

pursue_boost_weights
base=439.3655288803339
scale=1425.471748384696
skill=-44.702153554898366
sspeed=-19.532120941218892
sjump=-37.548088403797934
sinvincible=-75.64466860885537
sphase=-58.25377698389581
dx=97.54233195998421
dy=112.51345310040935
above=-397.3198216571192
voidance=-455.47226107209127