maintain_constant=1594.6313043866198
past_ticks_constant=201.08018443931618
giveup_ticks=555.0881258436144

run_player_weights
base=34.13716892315421
scale=1269.4817421799476
kill=556.0564352273333
speed=100.91595020316531
sinvincible=-142.84250839531217
dx=14.851604326591305
dy=7.480129174757883
above=290.58868842112076

void_weights
base=481.0577955009974
scale=-21.326527001378174
sspeed=-81.74640801877264
sjump=-818.2507389952372
dy=619.0491697591644
vy=1295.405996944426

pursue_player_weights
base=1029.5123715852694
scale=349.3345014032207
skill=313.3753134071516
kill=-327.18256158994325
sspeed=158.61674567969092
speed=-261.63988222078814
sjump=237.73002862710405
jump=-111.46809690560954
sinvincible=309.4813414466611
invincible=-136.92920741154757
sphase=71.6502976505319
phase=-141.36457186002758
dx=-68.09913253008733
dy=-65.56414547375857
above=28.61334362303908

pursue_boost_weights
base=486.73152945279725
scale=1425.471748384696
skill=-39.21993782784411
sspeed=-15.298092565579886
sjump=-37.548088403797934
sinvincible=-75.64466860885537
sphase=-63.76488653720357
dx=87.2617136025268
dy=142.84160880046682
above=-397.3198216571192
voidance=-455.47226107209127