maintain_constant=1739.9027579360293
past_ticks_constant=118.66107321841535
giveup_ticks=499.3886376352914

run_player_weights
base=44.90546488228476
scale=1473.1458006258144
kill=560.2959959602027
speed=106.63323000073305
sinvincible=-140.5612166329687
dx=25.89915514876121
dy=16.03895109351728
above=242.91592859521313

void_weights
base=523.6024940416582
scale=-17.85904995888009
sspeed=-90.30462992594362
sjump=-883.5306091258977
dy=459.3547326447117
vy=1860.245219597974

pursue_player_weights
base=1358.4697268518842
scale=291.7080272446689
skill=322.7216810226643
kill=-325.1896163892323
sspeed=142.5418669733895
speed=-333.0974616939457
sjump=309.452861281305
jump=-115.43479315167824
sinvincible=192.4902869158847
invincible=-80.90996886445389
sphase=67.18457053358425
phase=-151.00545206145105
dx=-76.24927416753351
dy=-66.3741933664718
above=26.376229729799483

pursue_boost_weights
base=267.6010889851919
scale=1142.331770290256
skill=-38.92328105213801
sspeed=-21.20636337657162
sjump=-36.60474082043633
sinvincible=-52.6388284534376
sphase=-62.16006662512048
dx=97.54233195998421
dy=89.48152832209843
above=-443.45814079782457
voidance=-399.2508672300097