maintain_constant=1739.9027579360293
past_ticks_constant=201.08018443931618
giveup_ticks=499.3886376352914

run_player_weights
base=35.7543101577919
scale=1601.978637738762
kill=629.7049406668324
speed=110.24885190237563
sinvincible=-131.64430741098684
dx=22.090715955567422
dy=8.214530790033868
above=240.88492653214539

void_weights
base=461.4161949104128
scale=-17.85904995888009
sspeed=-90.30462992594362
sjump=-818.2507389952372
dy=472.83391366508346
vy=1685.1766274878287

pursue_player_weights
base=1271.2270460921966
scale=300.06369613397527
skill=337.0107262745346
kill=-320.64821315217563
sspeed=142.5418669733895
speed=-328.2579152452145
sjump=267.12412139273823
jump=-110.18186070485048
sinvincible=203.64073450580335
invincible=-82.87154379170256
sphase=65.64424988219304
phase=-149.1213030010594
dx=-59.638660935147875
dy=-71.83981450129112
above=26.376229729799483

pursue_boost_weights
base=354.0106840015913
scale=1102.409825420456
skill=-46.17872246286738
sspeed=-19.532120941218892
sjump=-36.71365301521074
sinvincible=-52.6388284534376
sphase=-58.25377698389581
dx=97.54233195998421
dy=103.60077254401324
above=-348.2872797272628
voidance=-429.0208065058673