maintain_constant=1739.9027579360293
past_ticks_constant=118.66107321841535
giveup_ticks=499.3886376352914

run_player_weights
base=44.90546488228476
scale=1552.8616257059814
kill=560.2959959602027
speed=106.63323000073305
sinvincible=-140.5612166329687
dx=25.405449999640393
dy=16.03895109351728
above=236.91328537323068

void_weights
base=523.6024940416582
scale=-17.85904995888009
sspeed=-90.30462992594362
sjump=-922.2838401346838
dy=520.2619553043344
vy=1860.245219597974

pursue_player_weights
base=1358.4697268518842
scale=327.7049774624251
skill=322.7216810226643
kill=-325.1896163892323
sspeed=142.5418669733895
speed=-333.0974616939457
sjump=309.452861281305
jump=-115.43479315167824
sinvincible=202.99727024200064
invincible=-80.90996886445389
sphase=67.18457053358425
phase=-144.83522725296922
dx=-59.638660935147875
dy=-66.3741933664718
above=26.376229729799483

pursue_boost_weights
base=354.0106840015913
scale=1142.331770290256
skill=-38.92328105213801
sspeed=-19.532120941218892
sjump=-36.60474082043633
sinvincible=-52.6388284534376
sphase=-37.62771177736609
dx=97.54233195998421
dy=82.92739164383693
above=-443.45814079782457
voidance=-399.2508672300097