maintain_constant=1739.9027579360293
past_ticks_constant=118.66107321841535
giveup_ticks=499.3886376352914

run_player_weights
base=44.90546488228476
scale=1601.978637738762
kill=560.2959959602027
speed=106.63323000073305
sinvincible=-140.5612166329687
dx=25.89915514876121
dy=16.03895109351728
above=242.91592859521313

void_weights
base=508.96601223017615
scale=-17.85904995888009
sspeed=-90.30462992594362
sjump=-818.2507389952372
dy=520.2619553043344
vy=1860.245219597974

pursue_player_weights
base=1271.2270460921966
scale=300.06369613397527
skill=322.7216810226643
kill=-325.1896163892323
sspeed=142.5418669733895
speed=-333.0974616939457
sjump=309.452861281305
jump=-115.43479315167824
sinvincible=203.64073450580335
invincible=-80.90996886445389
sphase=65.64424988219304
phase=-144.83522725296922
dx=-53.66825316307205
dy=-66.3741933664718
above=26.376229729799483

pursue_boost_weights
base=354.0106840015913
scale=770.3891396369157
skill=-38.92328105213801
sspeed=-19.532120941218892
sjump=-36.60474082043633
sinvincible=-56.84405818692787
sphase=-58.25377698389581
dx=97.54233195998421
dy=103.60077254401324
above=-443.45814079782457
voidance=-399.2508672300097