maintain_constant=1739.9027579360293
past_ticks_constant=131.0267352808312
giveup_ticks=499.3886376352914

run_player_weights
base=39.18073643238386
scale=1601.978637738762
kill=560.2959959602027
speed=101.706023469597
sinvincible=-142.71974095941164
dx=22.090715955567422
dy=8.214530790033868
above=240.88492653214539

void_weights
base=508.96601223017615
scale=-17.85904995888009
sspeed=-90.30462992594362
sjump=-818.2507389952372
dy=467.5552331390747
vy=1685.1766274878287

pursue_player_weights
base=1271.2270460921966
scale=300.06369613397527
skill=332.04248234855146
kill=-325.1896163892323
sspeed=142.5418669733895
speed=-303.99661614473933
sjump=267.12412139273823
jump=-113.57159425448938
sinvincible=203.64073450580335
invincible=-100.57700536000425
sphase=65.64424988219304
phase=-153.9446511377772
dx=-59.638660935147875
dy=-66.3741933664718
above=26.376229729799483

pursue_boost_weights
base=352.84392391076597
scale=1102.409825420456
skill=-46.17872246286738
sspeed=-19.532120941218892
sjump=-36.71365301521074
sinvincible=-52.6388284534376
sphase=-58.25377698389581
dx=102.3414790828561
dy=103.60077254401324
above=-373.7229861871594
voidance=-429.0208065058673