maintain_constant=1739.9027579360293
past_ticks_constant=201.08018443931618
giveup_ticks=499.3886376352914

run_player_weights
base=35.7543101577919
scale=1637.5634916705687
kill=561.9056869063375
speed=97.1055627005029
sinvincible=-140.5612166329687
dx=22.090715955567422
dy=8.214530790033868
above=240.88492653214539

void_weights
base=558.914407840844
scale=-17.85904995888009
sspeed=-98.48665062460856
sjump=-818.2507389952372
dy=472.83391366508346
vy=1685.1766274878287

pursue_player_weights
base=1271.2270460921966
scale=300.06369613397527
skill=365.5550938333167
kill=-384.92841465477557
sspeed=142.5418669733895
speed=-328.2579152452145
sjump=267.12412139273823
jump=-108.5578578632515
sinvincible=203.64073450580335
invincible=-100.57700536000425
sphase=65.64424988219304
phase=-158.8429553344128
dx=-59.638660935147875
dy=-71.83981450129112
above=26.376229729799483

pursue_boost_weights
base=354.0106840015913
scale=1102.409825420456
skill=-46.17872246286738
sspeed=-19.532120941218892
sjump=-36.71365301521074
sinvincible=-52.6388284534376
sphase=-58.25377698389581
dx=87.70539192493274
dy=103.60077254401324
above=-383.8225570019634
voidance=-429.0208065058673