maintain_constant=1739.9027579360293
past_ticks_constant=201.08018443931618
giveup_ticks=499.3886376352914

run_player_weights
base=30.871979055487785
scale=1601.978637738762
kill=559.1948968226632
speed=92.4608398020584
sinvincible=-140.5612166329687
dx=22.090715955567422
dy=8.214530790033868
above=285.1187589899543

void_weights
base=480.2797377200256
scale=-18.58254002931105
sspeed=-98.48665062460856
sjump=-874.7445262225644
dy=472.83391366508346
vy=1685.1766274878287

pursue_player_weights
base=1271.2270460921966
scale=300.06369613397527
skill=367.8490235184156
kill=-325.1896163892323
sspeed=142.5418669733895
speed=-328.2579152452145
sjump=267.12412139273823
jump=-128.51551245157194
sinvincible=203.64073450580335
invincible=-114.97176953347179
sphase=65.64424988219304
phase=-149.1213030010594
dx=-59.638660935147875
dy=-58.22478828469349
above=30.474154592984966

pursue_boost_weights
base=354.0106840015913
scale=1102.409825420456
skill=-57.7473408668492
sspeed=-31.651596234102733
sjump=-36.71365301521074
sinvincible=-52.6388284534376
sphase=-58.25377698389581
dx=97.54233195998421
dy=103.60077254401324
above=-383.8225570019634
voidance=-429.0208065058673