maintain_constant=1739.9027579360293
past_ticks_constant=118.66107321841535
giveup_ticks=499.3886376352914

run_player_weights
base=44.90546488228476
scale=1601.978637738762
kill=560.2959959602027
speed=106.63323000073305
sinvincible=-140.5612166329687
dx=22.090715955567422
dy=16.03895109351728
above=280.6074567688096

void_weights
base=508.96601223017615
scale=-17.85904995888009
sspeed=-87.69677384270821
sjump=-818.2507389952372
dy=539.4040928280717
vy=1685.1766274878287

pursue_player_weights
base=1271.2270460921966
scale=300.06369613397527
skill=322.7216810226643
kill=-325.1896163892323
sspeed=125.96434736299423
speed=-333.0974616939457
sjump=267.12412139273823
jump=-90.68031201532662
sinvincible=203.64073450580335
invincible=-80.90996886445389
sphase=65.64424988219304
phase=-153.9446511377772
dx=-59.638660935147875
dy=-76.42090637240744
above=26.376229729799483

pursue_boost_weights
base=354.0106840015913
scale=1102.409825420456
skill=-46.17872246286738
sspeed=-19.532120941218892
sjump=-36.71365301521074
sinvincible=-52.6388284534376
sphase=-58.25377698389581
dx=115.45384793285416
dy=103.60077254401324
above=-348.2872797272628
voidance=-399.2508672300097