maintain_constant=1746.8510367304489
past_ticks_constant=121.1693746101593
giveup_ticks=650.901330189121

run_player_weights
base=100
scale=1065.645025309383
kill=639.8893532823841
speed=93.5091150841973
sinvincible=-372.1097918612567
dx=16.49177994280989
dy=10.99168144557565
above=259.4632056896783

void_weights
base=500
scale=-1.0828473027404586
sspeed=-110.27013257167424
sjump=-700
dy=1093.2069673254957
vy=1109.7118094481102

pursue_player_weights
base=893.5503457579183
scale=500
skill=419.1643125211242
kill=-350
sspeed=193.55270116371804
speed=-170.82055196611563
sjump=155.4653330058368
jump=-140.19722335987612
sinvincible=190.77496461021983
invincible=-239.94680672092727
sphase=100
phase=-100
dx=-52.48890328972717
dy=-100
above=-5

pursue_boost_weights
base=733.4530603737284
scale=766.4478870639792
skill=-60
sspeed=-40
sjump=-40
sinvincible=-52.00236397312975
sphase=-35.82212826976653
dx=85.80860347727004
dy=181.81197424262706
above=-557.4578193579
voidance=-344.0286543456621