maintain_constant=1739.9027579360293
past_ticks_constant=128.5541079552872
giveup_ticks=499.3886376352914

run_player_weights
base=41.09064148352964
scale=1601.978637738762
kill=560.2959959602027
speed=106.63323000073305
sinvincible=-128.88156253914073
dx=22.1216955162352
dy=16.03895109351728
above=242.91592859521313

void_weights
base=523.6024940416582
scale=-17.85904995888009
sspeed=-90.81741292761394
sjump=-891.4024707450837
dy=484.11539145486284
vy=1860.245219597974

pursue_player_weights
base=1358.4697268518842
scale=291.7080272446689
skill=322.7216810226643
kill=-283.70049918689233
sspeed=157.69460421880657
speed=-333.0974616939457
sjump=354.1030970114905
jump=-115.43479315167824
sinvincible=192.4902869158847
invincible=-80.90996886445389
sphase=73.59850970369898
phase=-144.83522725296922
dx=-66.70258697015268
dy=-66.3741933664718
above=26.376229729799483

pursue_boost_weights
base=267.6010889851919
scale=1142.331770290256
skill=-38.92328105213801
sspeed=-19.532120941218892
sjump=-41.12778691212129
sinvincible=-52.6388284534376
sphase=-52.45259986621753
dx=97.54233195998421
dy=89.48152832209843
above=-443.45814079782457
voidance=-399.2508672300097