maintain_constant=1746.8510367304489
past_ticks_constant=121.1693746101593
giveup_ticks=586.540309055765

run_player_weights
base=100
scale=1286.7330447528373
kill=668.0185315818184
speed=100
sinvincible=-400
dx=16.49177994280989
dy=10
above=253.83796452577457

void_weights
base=500
scale=-1.0828473027404586
sspeed=-100
sjump=-748.230468058372
dy=1055.22282675307
vy=1109.7118094481102

pursue_player_weights
base=1000
scale=500
skill=367.4851054645403
kill=-350
sspeed=175.87585709287143
speed=-156.1168041882256
sjump=145.3973711719981
jump=-140.19722335987612
sinvincible=190.77496461021983
invincible=-270.95177278776623
sphase=100
phase=-96.50288261869507
dx=-52.48890328972717
dy=-100
above=-5

pursue_boost_weights
base=725.8796941648417
scale=766.4478870639792
skill=-52.89198298998705
sspeed=-40
sjump=-40
sinvincible=-52.00236397312975
sphase=-36.984232786602014
dx=100
dy=173.2704753977529
above=-551.1012806861032
voidance=-400