maintain_constant=1739.9027579360293
past_ticks_constant=128.5541079552872
giveup_ticks=545.1193682704455

run_player_weights
base=132.59619038845307
scale=1000
kill=700
speed=100
sinvincible=-400
dx=10.264881635575945
dy=7.551878734267181
above=328.30916656229056

void_weights
base=500
scale=3.980358141737483
sspeed=-100.18355626474053
sjump=-700
dy=911.5912037620179
vy=949.5161658706407

pursue_player_weights
base=978.9669032331622
scale=500
skill=350
kill=-316.21269684060996
sspeed=154.78731695961173
speed=-148.07363181364016
sjump=150
jump=-119.02455848950638
sinvincible=250
invincible=-266.3648898649441
sphase=103.43165728850508
phase=-102.94690500121139
dx=-40.70254028748225
dy=-100
above=-5

pursue_boost_weights
base=700
scale=700
skill=-60
sspeed=-40
sjump=-36.15502282615923
sinvincible=-48.55006507149131
sphase=-42.617253611304584
dx=105.16616652288064
dy=212.83976752988912
above=-500
voidance=-433.045862074209