maintain_constant=1739.9027579360293
past_ticks_constant=137.07318141020673
giveup_ticks=499.3886376352914

run_player_weights
base=41.09064148352964
scale=1885.1454429734617
kill=560.2959959602027
speed=106.63323000073305
sinvincible=-128.88156253914073
dx=22.1216955162352
dy=16.03895109351728
above=242.91592859521313

void_weights
base=523.6024940416582
scale=-17.85904995888009
sspeed=-90.30462992594362
sjump=-891.4024707450837
dy=520.2619553043344
vy=1860.245219597974

pursue_player_weights
base=1358.4697268518842
scale=287.92390193085373
skill=322.7216810226643
kill=-336.39378138142166
sspeed=142.5418669733895
speed=-333.0974616939457
sjump=347.23348432668803
jump=-115.43479315167824
sinvincible=190.52531753356328
invincible=-80.90996886445389
sphase=86.3028842027446
phase=-157.00789365589316
dx=-66.70258697015268
dy=-66.3741933664718
above=26.376229729799483

pursue_boost_weights
base=267.6010889851919
scale=1142.331770290256
skill=-38.92328105213801
sspeed=-19.532120941218892
sjump=-41.12778691212129
sinvincible=-52.6388284534376
sphase=-52.45259986621753
dx=97.54233195998421
dy=89.48152832209843
above=-443.45814079782457
voidance=-399.2508672300097