maintain_constant=1690.5300752779112
past_ticks_constant=112.52867163891702
giveup_ticks=682.102235334832

run_player_weights
base=105.63020398704627
scale=1000
kill=618.8676656945447
speed=93.5091150841973
sinvincible=-318.81257522580137
dx=22.748510837476594
dy=12.62001410804938
above=253.14035359502265

void_weights
base=500
scale=-2.146813333996102
sspeed=-110.27013257167424
sjump=-753.601993260093
dy=988.567955674525
vy=1109.7118094481102

pursue_player_weights
base=717.784186004747
scale=465.94208044050026
skill=387.81586064301064
kill=-420.5115829144826
sspeed=166.65631167516185
speed=-178.8869293894215
sjump=145.3973711719981
jump=-139.32417996843355
sinvincible=192.03422516823113
invincible=-250
sphase=100
phase=-89.17646666081976
dx=-75.15947103607192
dy=-88.6580682195381
above=-12.15338595752221

pursue_boost_weights
base=734.7086070893587
scale=733.1547829372233
skill=-45.96301605799023
sspeed=-39.93339412210925
sjump=-37.18609701245484
sinvincible=-51.94253510101562
sphase=-55.321886211743475
dx=101.168288003857
dy=153.84333226273438
above=-552.0253935341672
voidance=-350.06368636811965