maintain_constant=1746.8510367304489
past_ticks_constant=94.67873167920904
giveup_ticks=682.102235334832

run_player_weights
base=100
scale=1000
kill=700
speed=93.5091150841973
sinvincible=-372.1097918612567
dx=16.49177994280989
dy=20.024538500044443
above=259.4632056896783

void_weights
base=523.4503276289342
scale=0.5102629047460208
sspeed=-107.72939235646444
sjump=-700
dy=1170.878684465817
vy=1109.7118094481102

pursue_player_weights
base=788.4274223383798
scale=500
skill=350
kill=-350
sspeed=175.87585709287143
speed=-178.8869293894215
sjump=145.3973711719981
jump=-151.99975490562227
sinvincible=190.77496461021983
invincible=-250
sphase=100
phase=-90.39151107407872
dx=-45.60629584860476
dy=-100
above=-5

pursue_boost_weights
base=734.7086070893587
scale=581.2574616338401
skill=-61.90466176562148
sspeed=-35.48201253534657
sjump=-40
sinvincible=-40.50323583505781
sphase=-50.04372058403733
dx=100
dy=181.81197424262706
above=-557.4578193579
voidance=-359.61241407225003