maintain_constant=1690.5300752779112
past_ticks_constant=98.77966004211274
giveup_ticks=696.9530142303053

run_player_weights
base=141.48439786451374
scale=685.4357763264474
kill=626.2062680084456
speed=85.79979534111187
sinvincible=-285.92100664888136
dx=-0.4874889931445985
dy=3.991151567076759
above=341.5586311187981

void_weights
base=469.0282113011468
scale=2.44431356757665
sspeed=-118.77981433474856
sjump=-647.1367589882923
dy=958.019897785031
vy=1142.007306902392

pursue_player_weights
base=762.2288109697246
scale=507.0643692085456
skill=387.81586064301064
kill=-351.3304479408611
sspeed=170.9204690082192
speed=-170.23778655843736
sjump=171.86776355741875
jump=-124.9797270242527
sinvincible=203.51665855760683
invincible=-297.4854018528558
sphase=97.57532312562525
phase=-99.85450692399478
dx=-63.84640233069466
dy=-83.92960729160401
above=5.427071593949096

pursue_boost_weights
base=596.4023073364511
scale=666.9157182148349
skill=-51.17345177884451
sspeed=-39.93339412210925
sjump=-42.628067751203254
sinvincible=-51.94253510101562
sphase=-54.140688521449405
dx=96.73569357389744
dy=110.24486735279349
above=-589.2850148300332
voidance=-296.72920274448796