maintain_constant=1690.5300752779112
past_ticks_constant=101.62956471828696
giveup_ticks=696.9530142303053

run_player_weights
base=120.15165797044587
scale=636.9899950553757
kill=606.2937259628168
speed=98.18562080781464
sinvincible=-311.4595399270873
dx=-0.4874889931445985
dy=4.098085046299556
above=233.46500812218693

void_weights
base=390.2635498139137
scale=2.540173698622459
sspeed=-115.17848234527659
sjump=-456.3213313164555
dy=954.6214216045728
vy=1171.0436167849027

pursue_player_weights
base=774.3543755336527
scale=443.269851018308
skill=387.81586064301064
kill=-368.6529139034536
sspeed=170.58251434225176
speed=-162.88677854957976
sjump=137.8229429181316
jump=-121.79989280505028
sinvincible=183.02005472810376
invincible=-318.9313922639324
sphase=88.34784065267836
phase=-85.54168993423988
dx=-75.18501592815991
dy=-72.03815773423756
above=-6.110745135823455

pursue_boost_weights
base=488.88278590354827
scale=666.9157182148349
skill=-46.55245841038901
sspeed=-47.195364939588885
sjump=-47.76029893601791
sinvincible=-50.80402491691102
sphase=-61.56381780335475
dx=122.98499662468612
dy=129.80307042376734
above=-923.2361048999819
voidance=-250.99663343140685