maintain_constant=1690.5300752779112
past_ticks_constant=112.52867163891702
giveup_ticks=682.102235334832

run_player_weights
base=105.63020398704627
scale=1000
kill=618.8676656945447
speed=93.5091150841973
sinvincible=-318.81257522580137
dx=16.49177994280989
dy=12.62001410804938
above=259.4632056896783

void_weights
base=500
scale=-2.146813333996102
sspeed=-110.27013257167424
sjump=-700
dy=988.567955674525
vy=1109.7118094481102

pursue_player_weights
base=717.784186004747
scale=465.94208044050026
skill=387.81586064301064
kill=-350
sspeed=166.65631167516185
speed=-178.8869293894215
sjump=145.3973711719981
jump=-139.32417996843355
sinvincible=190.77496461021983
invincible=-250
sphase=100
phase=-100
dx=-67.4486861659247
dy=-88.6580682195381
above=-5.631294919883134

pursue_boost_weights
base=734.7086070893587
scale=766.4478870639792
skill=-45.96301605799023
sspeed=-39.93339412210925
sjump=-37.18609701245484
sinvincible=-51.94253510101562
sphase=-55.321886211743475
dx=101.168288003857
dy=153.84333226273438
above=-557.4578193579
voidance=-350.06368636811965