maintain_constant=1690.5300752779112
past_ticks_constant=98.77966004211274
giveup_ticks=696.9530142303053

run_player_weights
base=141.48439786451374
scale=685.4357763264474
kill=606.2937259628168
speed=98.18562080781464
sinvincible=-312.77266159541006
dx=-0.4874889931445985
dy=4.098085046299556
above=225.3080401756279

void_weights
base=390.2635498139137
scale=2.44431356757665
sspeed=-115.17848234527659
sjump=-456.3213313164555
dy=954.6214216045728
vy=1171.0436167849027

pursue_player_weights
base=763.5108721584689
scale=507.0643692085456
skill=387.81586064301064
kill=-368.6529139034536
sspeed=175.90205395090115
speed=-166.4706976261803
sjump=149.01696076745552
jump=-121.79989280505028
sinvincible=183.02005472810376
invincible=-297.4854018528558
sphase=88.34784065267836
phase=-85.54168993423988
dx=-67.35931191292529
dy=-72.03815773423756
above=-6.110745135823455

pursue_boost_weights
base=523.1015426848006
scale=666.9157182148349
skill=-46.93060992858241
sspeed=-47.195364939588885
sjump=-47.76029893601791
sinvincible=-49.35224289934648
sphase=-61.56381780335475
dx=106.11884999464728
dy=127.95230437926793
above=-760.1218160127896
voidance=-250.99663343140685