maintain_constant=1690.5300752779112
past_ticks_constant=112.52867163891702
giveup_ticks=745.8358232727286

run_player_weights
base=132.3573511407584
scale=708.7771993189093
kill=618.8676656945447
speed=93.5091150841973
sinvincible=-312.77266159541006
dx=5.851976434197265
dy=12.62001410804938
above=305.0274891502267

void_weights
base=484.7141809729195
scale=-2.146813333996102
sspeed=-124.0306363566959
sjump=-735.588334675511
dy=988.567955674525
vy=1036.4632207552322

pursue_player_weights
base=658.9041737546778
scale=465.94208044050026
skill=387.81586064301064
kill=-364.497275807035
sspeed=166.65631167516185
speed=-189.89322240424488
sjump=145.3973711719981
jump=-142.60727758346943
sinvincible=211.48782939884094
invincible=-297.4854018528558
sphase=101.17920669199563
phase=-99.85450692399478
dx=-64.88771367755442
dy=-88.6580682195381
above=0.9407601235538205

pursue_boost_weights
base=734.7086070893587
scale=766.4478870639792
skill=-41.478196675804924
sspeed=-39.93339412210925
sjump=-42.628067751203254
sinvincible=-51.94253510101562
sphase=-60.58736105472121
dx=92.86340746760533
dy=130.88592837561228
above=-566.8835231804715
voidance=-314.30439997389595