maintain_constant=1690.5300752779112
past_ticks_constant=98.77966004211274
giveup_ticks=696.9530142303053

run_player_weights
base=141.48439786451374
scale=690.9013563334275
kill=626.2062680084456
speed=98.18562080781464
sinvincible=-312.77266159541006
dx=-0.4874889931445985
dy=3.991151567076759
above=317.8854143742417

void_weights
base=390.2635498139137
scale=2.44431356757665
sspeed=-115.17848234527659
sjump=-680.6497427685558
dy=954.6214216045728
vy=1069.5412304250715

pursue_player_weights
base=763.5108721584689
scale=507.0643692085456
skill=387.81586064301064
kill=-370.5203400901386
sspeed=162.13360671196136
speed=-166.4706976261803
sjump=129.54719797853718
jump=-121.79989280505028
sinvincible=203.51665855760683
invincible=-277.6781715105051
sphase=88.63242027054282
phase=-99.85450692399478
dx=-63.84640233069466
dy=-83.92960729160401
above=5.427071593949096

pursue_boost_weights
base=519.9091554506718
scale=666.9157182148349
skill=-46.93060992858241
sspeed=-47.195364939588885
sjump=-45.42625251754099
sinvincible=-53.95994246749556
sphase=-61.56381780335475
dx=92.9307913137754
dy=113.69331788429629
above=-760.1218160127896
voidance=-280.8993453093613