maintain_constant=1690.5300752779112
past_ticks_constant=98.77966004211274
giveup_ticks=696.9530142303053

run_player_weights
base=141.48439786451374
scale=685.4357763264474
kill=626.2062680084456
speed=98.18562080781464
sinvincible=-312.77266159541006
dx=-0.4874889931445985
dy=3.991151567076759
above=305.5571541738407

void_weights
base=352.52728520960164
scale=2.44431356757665
sspeed=-121.24532546265881
sjump=-633.9264063666762
dy=983.6597303164137
vy=1142.007306902392

pursue_player_weights
base=762.2288109697246
scale=507.0643692085456
skill=387.81586064301064
kill=-351.3304479408611
sspeed=170.9204690082192
speed=-166.4706976261803
sjump=143.46605738671857
jump=-132.8816679599078
sinvincible=203.51665855760683
invincible=-276.9915226681926
sphase=99.82762073185987
phase=-68.55232453121042
dx=-63.84640233069466
dy=-92.10821026689962
above=5.427071593949096

pursue_boost_weights
base=667.2536607022417
scale=624.6632298939484
skill=-46.93060992858241
sspeed=-43.745432744633014
sjump=-51.3992165936762
sinvincible=-53.95994246749556
sphase=-54.140688521449405
dx=96.73569357389744
dy=113.69331788429629
above=-776.803613893631
voidance=-280.8993453093613