maintain_constant=1690.5300752779112
past_ticks_constant=98.77966004211274
giveup_ticks=745.8358232727286

run_player_weights
base=132.3573511407584
scale=708.7771993189093
kill=618.8676656945447
speed=93.5091150841973
sinvincible=-312.77266159541006
dx=5.851976434197265
dy=12.62001410804938
above=305.0274891502267

void_weights
base=476.27497504801306
scale=2.6458990224674674
sspeed=-117.73915091796955
sjump=-783.4823009205
dy=1051.6335448946006
vy=1036.4632207552322

pursue_player_weights
base=658.9041737546778
scale=465.94208044050026
skill=387.81586064301064
kill=-364.497275807035
sspeed=173.64499653798293
speed=-189.89322240424488
sjump=145.3973711719981
jump=-142.60727758346943
sinvincible=211.48782939884094
invincible=-297.4854018528558
sphase=101.17920669199563
phase=-99.85450692399478
dx=-64.88771367755442
dy=-88.6580682195381
above=0.9407601235538205

pursue_boost_weights
base=819.6079150592597
scale=718.6469908901676
skill=-41.478196675804924
sspeed=-43.9597665769345
sjump=-42.628067751203254
sinvincible=-51.94253510101562
sphase=-69.10517336030861
dx=92.86340746760533
dy=130.88592837561228
above=-566.8835231804715
voidance=-331.69144367629417