maintain_constant=1594.8885011588172
past_ticks_constant=118.64258105659373
giveup_ticks=632.4409703808221

run_player_weights
base=124.20071353362871
scale=564.0141000145277
kill=689.0710287838052
speed=95.05827882297123
sinvincible=-419.77285711485285
dx=-3.5993333758783796
dy=5.622487865252805
above=218.17140020205264

void_weights
base=390.2635498139137
scale=2.4968577167275203
sspeed=-119.56629988431608
sjump=-456.3213313164555
dy=862.8231536183025
vy=1321.3421350489155

pursue_player_weights
base=973.6034375776325
scale=463.041388848767
skill=394.511134074783
kill=-317.4767467800626
sspeed=163.5791436624662
speed=-149.53328671850258
sjump=143.40187901293277
jump=-117.46501328421711
sinvincible=195.21448564980227
invincible=-357.10340922952133
sphase=74.61379301599773
phase=-91.67604525805163
dx=-88.84199815278977
dy=-81.48055678609725
above=-2.3670948402614576

pursue_boost_weights
base=542.7924728477504
scale=765.2647723161922
skill=-46.55245841038901
sspeed=-45.29919165792896
sjump=-64.71277988743913
sinvincible=-51.764769500547985
sphase=-62.15092615251873
dx=107.31863497970666
dy=100.60402866021306
above=-760.1218160127896
voidance=-271.06097983244194