maintain_constant=1434.5709882967528
past_ticks_constant=118.64258105659373
giveup_ticks=632.4409703808221

run_player_weights
base=149.38271801875908
scale=612.3782246476499
kill=696.4299896196972
speed=98.18562080781464
sinvincible=-461.4363907111786
dx=-6.327383118724585
dy=3.758836162409856
above=218.17140020205264

void_weights
base=421.2299706578191
scale=5.773624183240917
sspeed=-118.65521501384468
sjump=-456.3213313164555
dy=862.8231536183025
vy=1171.0436167849027

pursue_player_weights
base=1082.976774147367
scale=420.74951392479414
skill=394.511134074783
kill=-273.52203391699885
sspeed=179.29987390274667
speed=-152.08588798689988
sjump=160.7207469073586
jump=-117.46501328421711
sinvincible=220.9462162586554
invincible=-343.08968612120157
sphase=87.96064237162892
phase=-68.2130844349367
dx=-88.84199815278977
dy=-84.17896781275887
above=-1.3412378427125167

pursue_boost_weights
base=589.69121079512
scale=567.7229782641851
skill=-43.1539582331091
sspeed=-55.46427769369524
sjump=-64.71277988743913
sinvincible=-46.83358881391241
sphase=-68.44077643074877
dx=120.38512939455326
dy=105.275793209537
above=-712.39223189857
voidance=-271.06097983244194