maintain_constant=1690.5300752779112
past_ticks_constant=101.62956471828696
giveup_ticks=779.4062833603149

run_player_weights
base=132.73439305424114
scale=625.2727301319037
kill=518.1337633765941
speed=107.99151981103375
sinvincible=-312.77266159541006
dx=2.3819706656614636
dy=4.098085046299556
above=240.89295646353784

void_weights
base=411.8108881973235
scale=2.44431356757665
sspeed=-115.17848234527659
sjump=-456.3213313164555
dy=864.3801103879225
vy=1171.0436167849027

pursue_player_weights
base=763.5108721584689
scale=506.0513904633199
skill=387.81586064301064
kill=-368.6529139034536
sspeed=170.58251434225176
speed=-146.0459992462232
sjump=149.01696076745552
jump=-121.09045738149445
sinvincible=195.21448564980227
invincible=-316.2548907768987
sphase=88.34784065267836
phase=-74.51457003640147
dx=-88.84199815278977
dy=-72.03815773423756
above=-6.110745135823455

pursue_boost_weights
base=588.3114619496112
scale=765.2647723161922
skill=-47.771598381364875
sspeed=-47.195364939588885
sjump=-64.71277988743913
sinvincible=-48.686375343238176
sphase=-61.56381780335475
dx=143.44218821298995
dy=174.45807663439408
above=-760.1218160127896
voidance=-273.83007676156643