maintain_constant=1114.4700288543809
past_ticks_constant=118.64258105659373
giveup_ticks=526.1842934358615

run_player_weights
base=146.438749990511
scale=546.5220075513414
kill=542.5022083232927
speed=98.18562080781464
sinvincible=-407.89992565108344
dx=-3.1940527343620513
dy=10.873523485090931
above=207.63992552678525

void_weights
base=439.46595343874475
scale=5.773624183240917
sspeed=-151.68246762094947
sjump=-354.4304254282551
dy=794.5017542827303
vy=1171.0436167849027

pursue_player_weights
base=981.4428341198112
scale=420.74951392479414
skill=394.511134074783
kill=-255.32424617326538
sspeed=168.04992973565385
speed=-149.53328671850258
sjump=160.7207469073586
jump=-117.46501328421711
sinvincible=185.34029055441934
invincible=-301.02934727378675
sphase=88.34784065267836
phase=-78.39720431819366
dx=-92.73942493666489
dy=-81.0933925913756
above=-7.2709059630553785

pursue_boost_weights
base=542.7924728477504
scale=689.5633143606909
skill=-34.330615773410514
sspeed=-55.46427769369524
sjump=-49.90867901567499
sinvincible=-49.983785095809665
sphase=-53.98013343563237
dx=120.38512939455326
dy=91.53167477073403
above=-686.1994920058706
voidance=-271.06097983244194