maintain_constant=1310.4820313822365
past_ticks_constant=118.64258105659373
giveup_ticks=526.1842934358615

run_player_weights
base=149.38271801875908
scale=632.4542902217429
kill=635.4815855154454
speed=98.18562080781464
sinvincible=-458.81193053877604
dx=-9.645799236240094
dy=5.338768459095425
above=218.17140020205264

void_weights
base=439.46595343874475
scale=5.773624183240917
sspeed=-145.25356288232422
sjump=-456.3213313164555
dy=794.5017542827303
vy=1171.0436167849027

pursue_player_weights
base=1005.0044581874406
scale=420.74951392479414
skill=394.511134074783
kill=-255.32424617326538
sspeed=168.05395002539146
speed=-149.53328671850258
sjump=160.7207469073586
jump=-117.46501328421711
sinvincible=201.3413922522967
invincible=-343.08968612120157
sphase=88.34784065267836
phase=-68.2130844349367
dx=-88.84199815278977
dy=-81.0933925913756
above=-1.3412378427125167

pursue_boost_weights
base=542.7924728477504
scale=516.1695855140179
skill=-52.30224832093699
sspeed=-55.46427769369524
sjump=-57.2089700816809
sinvincible=-53.002706870442395
sphase=-70.5973812573577
dx=120.38512939455326
dy=105.275793209537
above=-599.5193409853032
voidance=-251.2957326482334