maintain_constant=1310.4820313822365
past_ticks_constant=118.64258105659373
giveup_ticks=599.4890011733231

run_player_weights
base=149.38271801875908
scale=694.2153733048148
kill=657.4553794818472
speed=98.18562080781464
sinvincible=-461.4363907111786
dx=-6.327383118724585
dy=5.622487865252805
above=216.64210906445865

void_weights
base=415.2449954125315
scale=-1.3019421999467546
sspeed=-123.94785617845118
sjump=-456.3213313164555
dy=794.5017542827303
vy=1032.6331075794842

pursue_player_weights
base=1005.0044581874406
scale=420.74951392479414
skill=394.511134074783
kill=-293.4383672998704
sspeed=179.29987390274667
speed=-149.53328671850258
sjump=160.7207469073586
jump=-117.46501328421711
sinvincible=220.9462162586554
invincible=-343.08968612120157
sphase=88.34784065267836
phase=-68.2130844349367
dx=-80.869737689979
dy=-77.53895254836772
above=5.4405350335601526

pursue_boost_weights
base=542.7924728477504
scale=676.416733314721
skill=-39.4831414405259
sspeed=-58.94146465066885
sjump=-57.2089700816809
sinvincible=-53.002706870442395
sphase=-58.77205657396907
dx=120.38512939455326
dy=105.275793209537
above=-733.2272487112709
voidance=-271.06097983244194