maintain_constant=1114.4700288543809
past_ticks_constant=118.64258105659373
giveup_ticks=504.73881908844635

run_player_weights
base=146.438749990511
scale=716.0878649039992
kill=542.5022083232927
speed=101.74380937251163
sinvincible=-474.8696583856721
dx=-0.01839520969528774
dy=6.190060167175684
above=207.2727115713731

void_weights
base=432.8403367883186
scale=11.678031616598208
sspeed=-145.25356288232422
sjump=-438.0034354260127
dy=794.5017542827303
vy=1171.0436167849027

pursue_player_weights
base=843.4774472551638
scale=420.74951392479414
skill=392.49843631894987
kill=-279.87642938112157
sspeed=181.10245088380074
speed=-149.53328671850258
sjump=160.7207469073586
jump=-97.0769192385144
sinvincible=165.6585200999452
invincible=-408.95839823557134
sphase=113.07325167541137
phase=-84.3354633869722
dx=-88.84199815278977
dy=-81.12659869900044
above=-1.3412378427125167

pursue_boost_weights
base=542.7924728477504
scale=631.2547528190361
skill=-38.5087729980856
sspeed=-49.20038694628709
sjump=-63.87115790176909
sinvincible=-49.983785095809665
sphase=-52.92967102102867
dx=120.38512939455326
dy=91.53167477073403
above=-686.1994920058706
voidance=-333.82890880454585