maintain_constant=1690.5300752779112
past_ticks_constant=111.8904630763412
giveup_ticks=802.1326060134671

run_player_weights
base=132.73439305424114
scale=564.0141000145277
kill=696.4299896196972
speed=100.1748116199964
sinvincible=-475.69536167161306
dx=3.1059704564699904
dy=9.417759753766628
above=198.6392889687596

void_weights
base=365.5317481818389
scale=-2.859324316987243
sspeed=-115.17848234527659
sjump=-456.3213313164555
dy=871.2180443659643
vy=1171.0436167849027

pursue_player_weights
base=609.690628530675
scale=466.14579712674447
skill=387.81586064301064
kill=-368.6529139034536
sspeed=155.11040037879417
speed=-146.0459992462232
sjump=149.01696076745552
jump=-117.46501328421711
sinvincible=217.66247226872923
invincible=-347.4333606804959
sphase=88.34784065267836
phase=-70.86791761783299
dx=-107.60430806301991
dy=-72.03815773423756
above=-0.6825180332909069

pursue_boost_weights
base=475.58021284301503
scale=816.5351745382594
skill=-46.55245841038901
sspeed=-47.195364939588885
sjump=-64.71277988743913
sinvincible=-48.686375343238176
sphase=-61.56381780335475
dx=129.30371316647373
dy=142.35996619553362
above=-727.5595040437669
voidance=-248.80689202072548