maintain_constant=1594.8885011588172
past_ticks_constant=118.64258105659373
giveup_ticks=632.4409703808221

run_player_weights
base=132.73439305424114
scale=564.0141000145277
kill=705.6805971922531
speed=98.18562080781464
sinvincible=-444.1445204126624
dx=-7.094418848771457
dy=2.500409539889821
above=218.17140020205264

void_weights
base=455.0741982058926
scale=5.773624183240917
sspeed=-118.65521501384468
sjump=-394.2036676554162
dy=862.8231536183025
vy=1007.4102974399251

pursue_player_weights
base=949.613025016559
scale=463.041388848767
skill=397.4006445057382
kill=-314.23015309955065
sspeed=128.72427598097926
speed=-165.12183720591617
sjump=160.7207469073586
jump=-117.46501328421711
sinvincible=215.43754208502037
invincible=-291.5247295110943
sphase=83.20587949736492
phase=-69.90959248867046
dx=-86.89448153338486
dy=-70.79637265822164
above=-4.05186532366457

pursue_boost_weights
base=542.7924728477504
scale=699.163542631299
skill=-42.37766486639869
sspeed=-55.76095669539776
sjump=-64.71277988743913
sinvincible=-51.764769500547985
sphase=-62.15092615251873
dx=123.48573627269519
dy=128.45090241879038
above=-709.4492056238931
voidance=-226.10789096241095