maintain_constant=1690.5300752779112
past_ticks_constant=111.8904630763412
giveup_ticks=749.7204983504084

run_player_weights
base=132.73439305424114
scale=567.293365638057
kill=696.4299896196972
speed=98.18562080781464
sinvincible=-419.77285711485285
dx=3.1059704564699904
dy=5.622487865252805
above=233.32368642967265

void_weights
base=390.2635498139137
scale=-1.4033108091305229
sspeed=-151.50192068809426
sjump=-528.126295116179
dy=888.8875467979387
vy=1171.0436167849027

pursue_player_weights
base=789.7606419761557
scale=466.14579712674447
skill=387.81586064301064
kill=-333.6089873301151
sspeed=171.38868044865688
speed=-194.30578718912457
sjump=160.7207469073586
jump=-117.37391706544331
sinvincible=195.21448564980227
invincible=-357.10340922952133
sphase=88.34784065267836
phase=-91.67604525805163
dx=-88.84199815278977
dy=-65.31103661616014
above=1.6155044803351135

pursue_boost_weights
base=542.7924728477504
scale=762.9616685279371
skill=-46.154254047795305
sspeed=-47.195364939588885
sjump=-64.71277988743913
sinvincible=-51.764769500547985
sphase=-61.56381780335475
dx=107.31863497970666
dy=112.86613358756162
above=-808.7846184595625
voidance=-251.03733085428564