maintain_constant=1114.4700288543809
past_ticks_constant=118.64258105659373
giveup_ticks=437.4509054238438

run_player_weights
base=127.42553714769303
scale=486.27466471170777
kill=394.93511514474545
speed=69.25324886782002
sinvincible=-571.4308241204446
dx=8.991543951215956
dy=-11.681239001307983
above=145.72694726654058

void_weights
base=484.97556111980117
scale=24.79522511063079
sspeed=-182.2455213183066
sjump=-341.9320040640031
dy=984.3461846929567
vy=1261.183297342287

pursue_player_weights
base=823.1311649287254
scale=285.9670287463345
skill=364.182705728784
kill=-229.4182541146629
sspeed=150.916886959534
speed=-155.5494166837186
sjump=242.59577194541873
jump=-107.23742702481837
sinvincible=201.11196715883003
invincible=-334.203370568199
sphase=111.1039499462629
phase=-51.64513160206576
dx=-73.83236425780494
dy=-97.40530875664618
above=-9.324057189080623

pursue_boost_weights
base=634.1421439847696
scale=665.2603815829442
skill=-41.62788184853019
sspeed=-62.96084134910558
sjump=-53.30306137092191
sinvincible=-32.50852386064433
sphase=-52.98607784524319
dx=113.39526221965589
dy=115.50602863201013
above=-647.6419142110619
voidance=-350.08069524606265