maintain_constant=1094.4358192830828
past_ticks_constant=118.64258105659373
giveup_ticks=437.4509054238438

run_player_weights
base=134.40114814390842
scale=683.5455501325897
kill=268.1152290125405
speed=64.6752429500744
sinvincible=-633.7978209915767
dx=0.5603147760137608
dy=-11.574100027727827
above=151.6604822050225

void_weights
base=601.9784734062666
scale=16.621084417886895
sspeed=-170.72783517026943
sjump=-437.37109648816
dy=786.9243653484743
vy=1261.183297342287

pursue_player_weights
base=784.4091169292831
scale=255.93949577320703
skill=425.0978581693003
kill=-341.6323077961364
sspeed=133.25965417742958
speed=-173.40366405740582
sjump=253.12669982366617
jump=-116.24351111015905
sinvincible=222.753308223261
invincible=-302.41515797211525
sphase=113.93893848260089
phase=-57.40810822186177
dx=-70.67911196685746
dy=-91.53418391178911
above=-6.748871835626291

pursue_boost_weights
base=557.8929741098354
scale=535.4987606411527
skill=-40.5765059074347
sspeed=-65.85877232666154
sjump=-71.12759906386626
sinvincible=-32.50852386064433
sphase=-37.71480569153307
dx=125.95892196536215
dy=98.16238735275199
above=-799.4557067064851
voidance=-316.9137918278726