maintain_constant=1094.4358192830828
past_ticks_constant=118.64258105659373
giveup_ticks=437.4509054238438

run_player_weights
base=134.40114814390842
scale=683.5455501325897
kill=268.1152290125405
speed=64.6752429500744
sinvincible=-633.7978209915767
dx=0.5603147760137608
dy=-11.574100027727827
above=151.6604822050225

void_weights
base=601.9784734062666
scale=16.621084417886895
sspeed=-170.72783517026943
sjump=-437.37109648816
dy=892.7785078900062
vy=1261.183297342287

pursue_player_weights
base=784.4091169292831
scale=255.93949577320703
skill=425.0978581693003
kill=-341.6323077961364
sspeed=133.25965417742958
speed=-179.31137092018267
sjump=253.12669982366617
jump=-121.44087730323196
sinvincible=214.9454970387834
invincible=-302.41515797211525
sphase=113.93893848260089
phase=-57.40810822186177
dx=-70.67911196685746
dy=-91.53418391178911
above=-6.503183556681385

pursue_boost_weights
base=634.1421439847696
scale=535.4987606411527
skill=-40.5765059074347
sspeed=-65.85877232666154
sjump=-63.384197966228
sinvincible=-32.50852386064433
sphase=-32.61654648260504
dx=125.95892196536215
dy=98.16238735275199
above=-824.5887521528621
voidance=-316.9137918278726