maintain_constant=1114.4700288543809
past_ticks_constant=118.64258105659373
giveup_ticks=437.4509054238438

run_player_weights
base=119.04481562148598
scale=683.5455501325897
kill=268.1152290125405
speed=75.79044717705229
sinvincible=-633.7978209915767
dx=7.455595336015998
dy=-11.637896929671648
above=151.6604822050225

void_weights
base=650.9889594113703
scale=19.731124476793045
sspeed=-193.11353863127684
sjump=-419.6398766617135
dy=984.3461846929567
vy=1261.183297342287

pursue_player_weights
base=812.9491872186198
scale=285.9670287463345
skill=436.99942670093867
kill=-292.43609643093345
sspeed=135.02591471550565
speed=-179.31137092018267
sjump=283.5403376847894
jump=-126.06860404620886
sinvincible=214.9454970387834
invincible=-302.41515797211525
sphase=113.93893848260089
phase=-62.16236536233661
dx=-70.67911196685746
dy=-91.53418391178911
above=-6.503183556681385

pursue_boost_weights
base=634.1421439847696
scale=535.4987606411527
skill=-43.379283501759815
sspeed=-65.85877232666154
sjump=-63.384197966228
sinvincible=-32.50852386064433
sphase=-34.46164438684604
dx=125.95892196536215
dy=98.16238735275199
above=-729.852129279623
voidance=-297.8925195322564