maintain_constant=1215.933582688365
past_ticks_constant=130.26485020588095
giveup_ticks=404.31458054936166

run_player_weights
base=98.58878669367776
scale=932.7764582190636
kill=725.7250011862122
speed=112.51795972542384
sinvincible=-358.4592910931311
dx=10
dy=13.2027216541482
above=331.61115015960536

void_weights
base=6000.8630728097837
scale=5.4829670508863595
sspeed=-100
sjump=-703.4973458747351
dy=899.2994582558941
vy=903.4751763573826

pursue_player_weights
base=1061.837260508489
scale=467.0630174579198
skill=338.4434745263753
kill=-368.045623195965
sspeed=173.71412460548817
speed=-150
sjump=175.06351948779906
jump=-130.2828783369437
sinvincible=279.80287354940407
invincible=-258.8171730874558
sphase=68.74369680641787
phase=-100
dx=-51.0957916763624
dy=-100
above=-9.0767950261036

pursue_boost_weights
base=613.2863373540368
scale=700
skill=-60
sspeed=-40
sjump=-32.01883564513641
sinvincible=-60
sphase=-40
dx=100.08742283642336
dy=215.32181695589682
above=-542.8021979488866
voidance=-400