maintain_constant=1272.5469414741278
past_ticks_constant=125.02684592362537
giveup_ticks=408.40649250856853

run_player_weights
base=75.15760717369476
scale=888.8706629608411
kill=665.452109608846
speed=86.2402487662421
sinvincible=-400.0
dx=-0.9028388273361676
dy=27.413214391591094
above=422.0680676030962

void_weights
base=1535.1092771197955
scale=-2.5564895047775913
sspeed=-105.48879571787586
sjump=-728.5716118363332
dy=956.7571969117772
vy=866.7715773268512

pursue_player_weights
base=988.6453502889061
scale=447.95984418815885
skill=363.06476661228646
kill=-371.39291877181813
sspeed=106.9929264288324
speed=-113.78963001656926
sjump=221.74665745644216
jump=-128.77255136459135
sinvincible=253.888137873226
invincible=-195.81680894191393
sphase=91.83995735725783
phase=-132.25779425061737
dx=-45.48645463544016
dy=-63.44236914418077
above=-2.3212434087691163

pursue_boost_weights
base=798.8038752893748
scale=408.91609212520734
skill=-59.40444038539189
sspeed=-25.661284873726945
sjump=-38.213474544036956
sinvincible=-56.55996415663831
sphase=-36.77835750379019
dx=94.48404715849915
dy=154.79443024152008
above=-553.519329967276
voidance=-560.1478662144451