maintain_constant=1272.5469414741278
past_ticks_constant=125.02684592362537
giveup_ticks=408.40649250856853

run_player_weights
base=88.56668145729091
scale=888.8706629608411
kill=711.5142927489567
speed=86.2402487662421
sinvincible=-400.0
dx=-0.9028388273361676
dy=27.413214391591094
above=422.0680676030962

void_weights
base=1535.1092771197955
scale=-2.5564895047775913
sspeed=-105.48879571787586
sjump=-728.5716118363332
dy=1039.866118635724
vy=969.9657198412625

pursue_player_weights
base=988.6453502889061
scale=447.95984418815885
skill=363.06476661228646
kill=-371.39291877181813
sspeed=133.51390037243777
speed=-113.78963001656926
sjump=216.67769645715182
jump=-128.77255136459135
sinvincible=253.888137873226
invincible=-162.55941249920065
sphase=91.83995735725783
phase=-132.25779425061737
dx=-45.48645463544016
dy=-63.44236914418077
above=-2.3212434087691163

pursue_boost_weights
base=745.9338882817636
scale=494.3500521703009
skill=-59.40444038539189
sspeed=-18.203947489288613
sjump=-38.213474544036956
sinvincible=-56.55996415663831
sphase=-36.77835750379019
dx=96.2733589850526
dy=154.79443024152008
above=-527.21647117111
voidance=-560.1478662144451