maintain_constant=1272.5469414741278
past_ticks_constant=125.02684592362537
giveup_ticks=408.40649250856853

run_player_weights
base=88.56668145729091
scale=1000.0
kill=717.4337098783523
speed=86.2402487662421
sinvincible=-400.0
dx=-0.9028388273361676
dy=27.413214391591094
above=352.28233734425197

void_weights
base=5535.1092771197955
scale=-2.5564895047775913
sspeed=-105.48879571787586
sjump=-699.285846956879
dy=1007.1588634469547
vy=969.9657198412625

pursue_player_weights
base=988.6453502889061
scale=444.24378570790395
skill=363.06476661228646
kill=-371.39291877181813
sspeed=133.51390037243777
speed=-139.62900652858372
sjump=172.06478796225065
jump=-128.77255136459135
sinvincible=253.888137873226
invincible=-162.40297577433387
sphase=91.83995735725783
phase=-137.0223228038562
dx=-45.48645463544016
dy=-75.86989288284778
above=1.109910301815198

pursue_boost_weights
base=745.9338882817636
scale=494.3500521703009
skill=-63.11641854767581
sspeed=-20.778135508477803
sjump=-40.41201467543916
sinvincible=-56.55996415663831
sphase=-36.77835750379019
dx=81.03224919679734
dy=154.79443024152008
above=-527.21647117111
voidance=-483.0797280235283