maintain_constant=1216.7322911917856
past_ticks_constant=125.02684592362537
giveup_ticks=408.40649250856853

run_player_weights
base=56.219705995755206
scale=1067.3432578347113
kill=552.5937955930476
speed=86.2402487662421
sinvincible=-400.0
dx=-0.2203684789391156
dy=27.413214391591094
above=468.21383383684605

void_weights
base=1599.253391066584
scale=-2.5564895047775913
sspeed=-105.48879571787586
sjump=-728.5716118363332
dy=758.4645816166621
vy=994.1749988925784

pursue_player_weights
base=988.6453502889061
scale=464.93821970943867
skill=355.2534058747969
kill=-353.7106859906381
sspeed=106.9929264288324
speed=-126.2167623913465
sjump=175.51115054724332
jump=-97.61500889953005
sinvincible=199.1351576046181
invincible=-168.302900185821
sphase=95.02890855122763
phase=-153.7643985144512
dx=-19.98240289467952
dy=-63.44236914418077
above=6.341453237177678

pursue_boost_weights
base=798.8038752893748
scale=408.91609212520734
skill=-51.745611633207815
sspeed=-22.794140108836224
sjump=-45.00536444349302
sinvincible=-56.55996415663831
sphase=-36.77835750379019
dx=103.35878602179243
dy=163.85605660412298
above=-534.201743431386
voidance=-496.1121685064977