maintain_constant=1216.7322911917856
past_ticks_constant=125.02684592362537
giveup_ticks=408.40649250856853

run_player_weights
base=45.53735497976894
scale=884.9838965781682
kill=552.5937955930476
speed=86.2402487662421
sinvincible=-400.0
dx=-0.9028388273361676
dy=27.413214391591094
above=422.0680676030962

void_weights
base=1535.1092771197955
scale=-2.5564895047775913
sspeed=-105.48879571787586
sjump=-728.5716118363332
dy=758.4645816166621
vy=866.7715773268512

pursue_player_weights
base=988.6453502889061
scale=447.95984418815885
skill=355.2534058747969
kill=-363.5163501599377
sspeed=106.9929264288324
speed=-113.78963001656926
sjump=221.74665745644216
jump=-97.61500889953005
sinvincible=199.1351576046181
invincible=-168.302900185821
sphase=95.02890855122763
phase=-132.25779425061737
dx=-24.87178399134234
dy=-63.44236914418077
above=-2.3212434087691163

pursue_boost_weights
base=798.8038752893748
scale=408.91609212520734
skill=-71.87839438459464
sspeed=-22.794140108836224
sjump=-38.213474544036956
sinvincible=-56.55996415663831
sphase=-36.77835750379019
dx=94.48404715849915
dy=163.85605660412298
above=-477.8932907037017
voidance=-560.1478662144451