maintain_constant=1272.5469414741278
past_ticks_constant=125.02684592362537
giveup_ticks=408.40649250856853

run_player_weights
base=88.56668145729091
scale=935.2202373344965
kill=711.5142927489567
speed=86.2402487662421
sinvincible=-400.0
dx=-0.9028388273361676
dy=27.413214391591094
above=365.75753207931774

void_weights
base=1535.1092771197955
scale=-2.5564895047775913
sspeed=-105.48879571787586
sjump=-728.5716118363332
dy=1093.364587399325
vy=969.9657198412625

pursue_player_weights
base=988.6453502889061
scale=430.53129542834995
skill=363.06476661228646
kill=-371.39291877181813
sspeed=133.51390037243777
speed=-113.78963001656926
sjump=172.06478796225065
jump=-128.77255136459135
sinvincible=253.888137873226
invincible=-162.55941249920065
sphase=91.83995735725783
phase=-137.0223228038562
dx=-45.48645463544016
dy=-67.41760191837209
above=1.109910301815198

pursue_boost_weights
base=745.9338882817636
scale=494.3500521703009
skill=-59.40444038539189
sspeed=-18.203947489288613
sjump=-38.213474544036956
sinvincible=-56.55996415663831
sphase=-36.77835750379019
dx=96.2733589850526
dy=154.79443024152008
above=-527.21647117111
voidance=-526.9224569948108