maintain_constant=1066.1569074905826
past_ticks_constant=106.52119319810207
giveup_ticks=408.40649250856853

run_player_weights
base=92.59104452551375
scale=1000.0
kill=717.4337098783523
speed=86.2402487662421
sinvincible=-400.0
dx=-5.308272696571854
dy=19.52593336991709
above=352.28233734425197

void_weights
base=535.1092771197955
scale=-2.5564895047775913
sspeed=-105.48879571787586
sjump=-705.4892982813274
dy=1007.1588634469547
vy=969.9657198412625

pursue_player_weights
base=988.6453502889061
scale=444.24378570790395
skill=363.06476661228646
kill=-405.7170096525178
sspeed=133.51390037243777
speed=-139.62900652858372
sjump=172.06478796225065
jump=-128.77255136459135
sinvincible=253.888137873226
invincible=-162.40297577433387
sphase=91.83995735725783
phase=-137.0223228038562
dx=-45.48645463544016
dy=-100.0
above=-5.0

pursue_boost_weights
base=662.6003713373818
scale=488.73388159358046
skill=-63.11641854767581
sspeed=-28.675653355852415
sjump=-40.41201467543916
sinvincible=-56.55996415663831
sphase=-36.77835750379019
dx=81.03224919679734
dy=194.1306184553529
above=-551.3639793290903
voidance=-483.0797280235283