maintain_constant=1055.8633616364484
past_ticks_constant=114.81206047691052
giveup_ticks=408.40649250856853

run_player_weights
base=96.07811971033355
scale=1000
kill=717.4337098783523
speed=100
sinvincible=-400
dx=-5.329734622306221
dy=10
above=352.28233734425197

void_weights
base=512.9234167072404
scale=1.8617059392624673
sspeed=-98.11165702548651
sjump=-721.236354471309
dy=1007.1588634469547
vy=1018.1149193051654

pursue_player_weights
base=988.6453502889061
scale=446.0579013656744
skill=363.06476661228646
kill=-350
sspeed=137.85109269742821
speed=-150.88747031970377
sjump=163.62889881934905
jump=-140.97994753497613
sinvincible=253.888137873226
invincible=-180.910873571579
sphase=91.83995735725783
phase=-120.8182308720166
dx=-50
dy=-100
above=-5

pursue_boost_weights
base=719.9778402895721
scale=579.6927184896095
skill=-63.11641854767581
sspeed=-35.99876186723867
sjump=-40
sinvincible=-60
sphase=-36.77835750379019
dx=69.41974343842207
dy=192.13739373556288
above=-500
voidance=-449.1014074328681