maintain_constant=1055.8633616364484
past_ticks_constant=106.52119319810207
giveup_ticks=408.40649250856853

run_player_weights
base=92.59104452551375
scale=1000.0
kill=717.4337098783523
speed=99.19384354794283
sinvincible=-400.0
dx=-5.308272696571854
dy=10.0
above=352.28233734425197

void_weights
base=512.9234167072404
scale=1.8617059392624673
sspeed=-98.11165702548651
sjump=-721.236354471309
dy=1007.1588634469547
vy=1018.1149193051654

pursue_player_weights
base=988.6453502889061
scale=444.24378570790395
skill=363.06476661228646
kill=-350.0
sspeed=136.86000583664665
speed=-150.88747031970377
sjump=147.510852137768
jump=-140.97994753497613
sinvincible=253.888137873226
invincible=-180.910873571579
sphase=91.83995735725783
phase=-120.8182308720166
dx=-50.0
dy=-100.0
above=-5.0

pursue_boost_weights
base=719.9778402895721
scale=579.6927184896095
skill=-63.11641854767581
sspeed=-35.99876186723867
sjump=-40.41201467543916
sinvincible=-60.0
sphase=-36.77835750379019
dx=69.41974343842207
dy=194.1306184553529
above=-470.791162935045
voidance=-449.1014074328681