maintain_constant=1333.8708111083815
past_ticks_constant=111.58998211981638
giveup_ticks=483.3258375675587

run_player_weights
base=55.81665771871139
scale=1027.6531136570832
kill=516.9273795954184
speed=83.37265071799459
sinvincible=-457.2233490238317
dx=14.4983007284356
dy=28.447499136183705
above=425.35331345790553

void_weights
base=1304.9027457080983
scale=-6.187616047336003
sspeed=-88.87367535692069
sjump=-862.0847393355268
dy=854.2117011058788
vy=1180.0177348317477

pursue_player_weights
base=969.6875176649653
scale=509.96752160318465
skill=370.5019407693134
kill=-239.9806685101668
sspeed=110.61639671900525
speed=-176.68483034238108
sjump=184.11407349779472
jump=-96.55647276409061
sinvincible=192.78121952151437
invincible=-177.12796827964019
sphase=98.97607274219827
phase=-137.83000055578063
dx=-14.259928488306961
dy=-64.28169455897708
above=2.8533673263292334

pursue_boost_weights
base=672.2368186975941
scale=408.91609212520734
skill=-53.171491885318
sspeed=-21.497113235023935
sjump=-32.11730036251194
sinvincible=-94.08793146212044
sphase=-42.82029251335751
dx=74.80262846583899
dy=163.21657235431428
above=-412.19445612568967
voidance=-572.14410770956