maintain_constant=1346.2974864519583
past_ticks_constant=119.29641103540898
giveup_ticks=483.3258375675587

run_player_weights
base=55.81665771871139
scale=1027.6531136570832
kill=633.3324835856719
speed=91.38631072455019
sinvincible=-507.15296574962457
dx=19.649777077348045
dy=28.447499136183705
above=494.3076871577208

void_weights
base=1304.9027457080983
scale=4.538150805340593
sspeed=-105.46012333532123
sjump=-891.3353131798541
dy=723.866052799926
vy=982.1063883611008

pursue_player_weights
base=969.6875176649653
scale=509.96752160318465
skill=350.03025363495493
kill=-336.1747365784918
sspeed=100.77576791012336
speed=-176.68483034238108
sjump=184.11407349779472
jump=-106.52171368229656
sinvincible=199.1351576046181
invincible=-187.45075208028697
sphase=95.02890855122763
phase=-136.72956629103496
dx=-19.045291616894552
dy=-63.44236914418077
above=2.8533673263292334

pursue_boost_weights
base=672.2368186975941
scale=408.91609212520734
skill=-51.745611633207815
sspeed=-18.173616726184836
sjump=-25.762671216860426
sinvincible=-87.1692381307796
sphase=-42.82029251335751
dx=93.94229222857614
dy=163.21657235431428
above=-412.19445612568967
voidance=-572.14410770956