maintain_constant=1463.3434824509698
past_ticks_constant=119.29641103540898
giveup_ticks=483.3258375675587

run_player_weights
base=55.81665771871139
scale=1038.3164049601435
kill=633.3324835856719
speed=91.38631072455019
sinvincible=-487.934596275596
dx=19.649777077348045
dy=28.447499136183705
above=494.3076871577208

void_weights
base=1254.0856374365542
scale=4.538150805340593
sspeed=-105.46012333532123
sjump=-891.3353131798541
dy=720.894261415965
vy=995.8478263943873

pursue_player_weights
base=969.6875176649653
scale=549.1012817780177
skill=350.03025363495493
kill=-336.1747365784918
sspeed=100.77576791012336
speed=-139.56353798186223
sjump=184.11407349779472
jump=-106.52171368229656
sinvincible=199.1351576046181
invincible=-187.45075208028697
sphase=95.02890855122763
phase=-153.7643985144512
dx=-19.045291616894552
dy=-63.44236914418077
above=6.341453237177678

pursue_boost_weights
base=719.9578769838809
scale=408.91609212520734
skill=-51.745611633207815
sspeed=-22.794140108836224
sjump=-25.762671216860426
sinvincible=-77.13913075225443
sphase=-42.82029251335751
dx=93.94229222857614
dy=186.90705261302958
above=-520.7160442976856
voidance=-572.14410770956