maintain_constant=1216.7322911917856
past_ticks_constant=125.02684592362537
giveup_ticks=408.40649250856853

run_player_weights
base=54.06570826399017
scale=1038.3164049601435
kill=633.3324835856719
speed=86.2402487662421
sinvincible=-400.0
dx=14.161555954585364
dy=27.413214391591094
above=494.3076871577208

void_weights
base=1582.0793566922675
scale=-2.5564895047775913
sspeed=-94.11750175742061
sjump=-728.5716118363332
dy=758.4645816166621
vy=995.8478263943873

pursue_player_weights
base=969.6875176649653
scale=464.93821970943867
skill=350.03025363495493
kill=-353.7106859906381
sspeed=106.9929264288324
speed=-139.56353798186223
sjump=184.11407349779472
jump=-97.61500889953005
sinvincible=199.1351576046181
invincible=-168.302900185821
sphase=95.02890855122763
phase=-153.7643985144512
dx=-19.045291616894552
dy=-63.44236914418077
above=6.341453237177678

pursue_boost_weights
base=798.8038752893748
scale=408.91609212520734
skill=-51.745611633207815
sspeed=-22.794140108836224
sjump=-32.08123935987616
sinvincible=-75.83693462797248
sphase=-42.82029251335751
dx=103.35878602179243
dy=166.5086514227238
above=-534.201743431386
voidance=-496.1121685064977