maintain_constant=1275.7510105285514
past_ticks_constant=111.58998211981638
giveup_ticks=496.8167952199338

run_player_weights
base=65.51536430343432
scale=1023.5639471771715
kill=516.9273795954184
speed=83.37265071799459
sinvincible=-396.3120374715339
dx=14.4983007284356
dy=43.317362100848285
above=432.6784593546182

void_weights
base=1067.935574801826
scale=-6.187616047336003
sspeed=-88.87367535692069
sjump=-862.0847393355268
dy=759.3645003858686
vy=1022.5932945742973

pursue_player_weights
base=969.6875176649653
scale=416.0074296059052
skill=363.7413362055602
kill=-239.9806685101668
sspeed=120.58841639071917
speed=-159.91215375499513
sjump=184.11407349779472
jump=-95.11250699093053
sinvincible=192.78121952151437
invincible=-177.12796827964019
sphase=97.41920958963624
phase=-144.67412498385755
dx=-14.259928488306961
dy=-55.97163385825298
above=5.360534859186706

pursue_boost_weights
base=672.2368186975941
scale=408.91609212520734
skill=-51.49381151480563
sspeed=-20.853465285554513
sjump=-32.11730036251194
sinvincible=-94.08793146212044
sphase=-42.82029251335751
dx=74.80262846583899
dy=153.43902405552953
above=-412.19445612568967
voidance=-647.3982600343808