maintain_constant=1216.7322911917856
past_ticks_constant=149.25802439142385
giveup_ticks=403.11150738506734

run_player_weights
base=55.81665771871139
scale=1038.3164049601435
kill=633.3324835856719
speed=91.38631072455019
sinvincible=-506.60210180014457
dx=19.649777077348045
dy=28.447499136183705
above=494.3076871577208

void_weights
base=1254.0856374365542
scale=4.538150805340593
sspeed=-105.46012333532123
sjump=-891.3353131798541
dy=720.894261415965
vy=995.8478263943873

pursue_player_weights
base=969.6875176649653
scale=549.1012817780177
skill=350.03025363495493
kill=-353.7106859906381
sspeed=106.9929264288324
speed=-139.56353798186223
sjump=184.11407349779472
jump=-106.52171368229656
sinvincible=199.1351576046181
invincible=-187.45075208028697
sphase=95.02890855122763
phase=-153.7643985144512
dx=-19.045291616894552
dy=-63.44236914418077
above=6.341453237177678

pursue_boost_weights
base=742.2725628725965
scale=408.91609212520734
skill=-51.745611633207815
sspeed=-22.794140108836224
sjump=-26.26465570933209
sinvincible=-77.13913075225443
sphase=-42.82029251335751
dx=94.37849102365305
dy=186.90705261302958
above=-548.7463346238831
voidance=-572.14410770956