maintain_constant=1333.8708111083815
past_ticks_constant=119.29641103540898
giveup_ticks=483.3258375675587

run_player_weights
base=55.81665771871139
scale=1027.6531136570832
kill=633.3324835856719
speed=91.38631072455019
sinvincible=-507.15296574962457
dx=19.649777077348045
dy=28.447499136183705
above=494.3076871577208

void_weights
base=1304.9027457080983
scale=4.538150805340593
sspeed=-86.24781462998308
sjump=-883.467143321652
dy=795.2836904340968
vy=1131.4354199451227

pursue_player_weights
base=969.6875176649653
scale=509.96752160318465
skill=370.5019407693134
kill=-251.4630801620861
sspeed=100.77576791012336
speed=-176.68483034238108
sjump=184.11407349779472
jump=-106.52171368229656
sinvincible=192.78121952151437
invincible=-187.45075208028697
sphase=95.02890855122763
phase=-136.72956629103496
dx=-19.045291616894552
dy=-63.44236914418077
above=2.8533673263292334

pursue_boost_weights
base=672.2368186975941
scale=408.91609212520734
skill=-51.745611633207815
sspeed=-18.173616726184836
sjump=-32.11730036251194
sinvincible=-94.08793146212044
sphase=-42.82029251335751
dx=93.94229222857614
dy=163.21657235431428
above=-412.19445612568967
voidance=-572.14410770956