maintain_constant=1333.8708111083815
past_ticks_constant=127.83092716644373
giveup_ticks=483.3258375675587

run_player_weights
base=55.81665771871139
scale=1027.6531136570832
kill=516.9273795954184
speed=90.60797324090105
sinvincible=-507.15296574962457
dx=14.4983007284356
dy=28.447499136183705
above=425.35331345790553

void_weights
base=1304.9027457080983
scale=-6.187616047336003
sspeed=-87.4259748047228
sjump=-862.0847393355268
dy=795.2836904340968
vy=1096.213757787724

pursue_player_weights
base=969.6875176649653
scale=509.96752160318465
skill=370.5019407693134
kill=-239.9806685101668
sspeed=110.61639671900525
speed=-176.68483034238108
sjump=184.11407349779472
jump=-104.64750295721285
sinvincible=192.78121952151437
invincible=-177.12796827964019
sphase=81.40347924538958
phase=-136.72956629103496
dx=-19.045291616894552
dy=-64.5441638139119
above=2.8533673263292334

pursue_boost_weights
base=672.2368186975941
scale=408.91609212520734
skill=-53.171491885318
sspeed=-21.497113235023935
sjump=-32.11730036251194
sinvincible=-94.08793146212044
sphase=-42.82029251335751
dx=93.02500878982399
dy=163.21657235431428
above=-412.19445612568967
voidance=-572.14410770956