maintain_constant=1216.7322911917856
past_ticks_constant=152.17886335130004
giveup_ticks=403.11150738506734

run_player_weights
base=49.15526284173857
scale=1038.3164049601435
kill=633.3324835856719
speed=86.2402487662421
sinvincible=-506.60210180014457
dx=19.649777077348045
dy=28.447499136183705
above=494.3076871577208

void_weights
base=1380.8278028189538
scale=2.7243072485970043
sspeed=-94.11750175742061
sjump=-728.5716118363332
dy=720.894261415965
vy=995.8478263943873

pursue_player_weights
base=969.6875176649653
scale=505.108578405781
skill=350.03025363495493
kill=-353.7106859906381
sspeed=106.9929264288324
speed=-139.56353798186223
sjump=184.11407349779472
jump=-106.52171368229656
sinvincible=199.1351576046181
invincible=-187.45075208028697
sphase=95.02890855122763
phase=-153.7643985144512
dx=-19.045291616894552
dy=-63.44236914418077
above=6.341453237177678

pursue_boost_weights
base=798.8038752893748
scale=408.91609212520734
skill=-51.745611633207815
sspeed=-22.794140108836224
sjump=-26.26465570933209
sinvincible=-77.13913075225443
sphase=-42.82029251335751
dx=94.37849102365305
dy=166.5086514227238
above=-531.869486840095
voidance=-496.1121685064977