maintain_constant=1170.0520670377964
past_ticks_constant=115.92003865099693
giveup_ticks=560.9153357609061

run_player_weights
base=51.0644803751999
scale=1228.947198847347
kill=470.1145312664403
speed=97.16653009891593
sinvincible=-404.6516561044186
dx=15.978448459990094
dy=40.89919464722505
above=393.65639921859884

void_weights
base=1129.9376270572407
scale=0.7297783398479503
sspeed=-117.73478596227933
sjump=-721.829687951277
dy=829.6062030818185
vy=1514.001136853382

pursue_player_weights
base=1103.5119638179438
scale=498.7105679137767
skill=473.4833307237165
kill=-239.9806685101668
sspeed=132.64542536301863
speed=-152.9013158465212
sjump=194.6670162844091
jump=-117.42037985132224
sinvincible=161.19611554269875
invincible=-146.35290870313284
sphase=82.49497738139529
phase=-163.47236493199443
dx=-9.924912727228719
dy=-58.49806328320883
above=-8.385115731354615

pursue_boost_weights
base=335.53095465569305
scale=384.85137756466946
skill=-54.72427898178315
sspeed=-20.315112315221423
sjump=-14.098601967347562
sinvincible=-77.1692566406209
sphase=-44.35635673724536
dx=70.57837247425913
dy=137.96115167678948
above=-300.30874239491476
voidance=-749.7761375070316