maintain_constant=1190.6334982380192
past_ticks_constant=115.92003865099693
giveup_ticks=490.797679424328

run_player_weights
base=65.51536430343432
scale=1134.120060627508
kill=493.1166020296379
speed=105.74947351583889
sinvincible=-418.0223485742535
dx=15.978448459990094
dy=43.317362100848285
above=413.91615161747393

void_weights
base=1129.9376270572407
scale=-6.187616047336003
sspeed=-88.87367535692069
sjump=-862.0847393355268
dy=744.20006577856
vy=1074.9293057204302

pursue_player_weights
base=1103.5119638179438
scale=416.0074296059052
skill=407.9446265854045
kill=-239.9806685101668
sspeed=111.78491706062395
speed=-159.91215375499513
sjump=184.11407349779472
jump=-95.11250699093053
sinvincible=192.78121952151437
invincible=-157.1465362422006
sphase=110.85771883286756
phase=-144.67412498385755
dx=-14.259928488306961
dy=-57.99076080218755
above=5.360534859186706

pursue_boost_weights
base=465.8440368166425
scale=415.32818608876795
skill=-46.85025072893688
sspeed=-20.853465285554513
sjump=-29.185069899637984
sinvincible=-94.08793146212044
sphase=-46.43212641292106
dx=66.51370958080201
dy=146.43067050944148
above=-304.6568464517818
voidance=-768.6996846234126