maintain_constant=1142.0094431633122
past_ticks_constant=127.2464735427072
giveup_ticks=489.15438515391276

run_player_weights
base=68.93730932686887
scale=1646.407127044418
kill=459.82968462001065
speed=109.49483868394246
sinvincible=-433.77578627546205
dx=31.64238190154925
dy=53.48793424436429
above=370.7416160310217

void_weights
base=1145.6085954945024
scale=0.362890647494977
sspeed=-123.7696590449453
sjump=-747.1186771912752
dy=895.9590600133128
vy=1207.6801767013444

pursue_player_weights
base=1026.719626202284
scale=385.0424982640801
skill=445.03411412741843
kill=-239.9806685101668
sspeed=122.91865438138431
speed=-146.43783483185175
sjump=149.97426938594614
jump=-107.45195417809586
sinvincible=175.3664029707524
invincible=-190.53644126974217
sphase=82.49497738139529
phase=-163.47236493199443
dx=-4.273908844457255
dy=-53.393803555827716
above=-8.385115731354615

pursue_boost_weights
base=386.45856070358747
scale=384.85137756466946
skill=-66.29600006923471
sspeed=-20.315112315221423
sjump=-20.141872087346083
sinvincible=-77.1692566406209
sphase=-57.43339839390383
dx=75.89911488904708
dy=135.43616589941553
above=-277.8148602724835
voidance=-749.7761375070316