maintain_constant=1170.0520670377964
past_ticks_constant=116.68946990640212
giveup_ticks=560.9153357609061

run_player_weights
base=53.941726514868
scale=1286.6787239119958
kill=470.1145312664403
speed=107.4950928959145
sinvincible=-425.7699401705857
dx=15.978448459990094
dy=53.48793424436429
above=393.65639921859884

void_weights
base=1129.9376270572407
scale=0.7297783398479503
sspeed=-117.73478596227933
sjump=-721.829687951277
dy=829.6062030818185
vy=1300.6019529894845

pursue_player_weights
base=1103.5119638179438
scale=407.38419687881947
skill=473.4833307237165
kill=-239.9806685101668
sspeed=136.47271495545755
speed=-152.9013158465212
sjump=194.6670162844091
jump=-109.0351799323489
sinvincible=161.19611554269875
invincible=-160.05364988419808
sphase=82.49497738139529
phase=-163.47236493199443
dx=-9.924912727228719
dy=-59.96640064621985
above=-8.385115731354615

pursue_boost_weights
base=410.98302246418234
scale=384.85137756466946
skill=-54.72427898178315
sspeed=-20.315112315221423
sjump=-14.098601967347562
sinvincible=-77.1692566406209
sphase=-44.35635673724536
dx=70.57837247425913
dy=137.96115167678948
above=-289.13301384690124
voidance=-749.7761375070316