maintain_constant=1127.9667659254055
past_ticks_constant=116.68946990640212
giveup_ticks=539.3797603777977

run_player_weights
base=53.941726514868
scale=1646.407127044418
kill=470.1145312664403
speed=100.04644983103496
sinvincible=-433.77578627546205
dx=15.978448459990094
dy=53.48793424436429
above=393.65639921859884

void_weights
base=1129.9376270572407
scale=0.362890647494977
sspeed=-117.23096803915367
sjump=-747.1186771912752
dy=895.9590600133128
vy=1300.6019529894845

pursue_player_weights
base=1103.581397268916
scale=376.1633996426034
skill=473.4833307237165
kill=-239.9806685101668
sspeed=136.47271495545755
speed=-152.9013158465212
sjump=149.97426938594614
jump=-107.45195417809586
sinvincible=175.3664029707524
invincible=-160.05364988419808
sphase=82.49497738139529
phase=-163.47236493199443
dx=-9.924912727228719
dy=-59.96640064621985
above=-8.385115731354615

pursue_boost_weights
base=384.27913974385336
scale=384.85137756466946
skill=-68.72805807148424
sspeed=-20.315112315221423
sjump=-20.141872087346083
sinvincible=-77.1692566406209
sphase=-44.35635673724536
dx=73.48518166767677
dy=130.84632724264722
above=-289.13301384690124
voidance=-749.7761375070316