maintain_constant=1142.0094431633122
past_ticks_constant=127.2464735427072
giveup_ticks=489.15438515391276

run_player_weights
base=55.9085128777395
scale=1646.407127044418
kill=459.82968462001065
speed=100.04644983103496
sinvincible=-433.77578627546205
dx=31.64238190154925
dy=53.48793424436429
above=393.65639921859884

void_weights
base=1145.6085954945024
scale=0.362890647494977
sspeed=-123.7696590449453
sjump=-747.1186771912752
dy=895.9590600133128
vy=1207.6801767013444

pursue_player_weights
base=1103.581397268916
scale=376.1633996426034
skill=473.4833307237165
kill=-239.9806685101668
sspeed=122.91865438138431
speed=-146.43783483185175
sjump=149.97426938594614
jump=-107.45195417809586
sinvincible=175.3664029707524
invincible=-190.53644126974217
sphase=82.49497738139529
phase=-163.47236493199443
dx=-9.924912727228719
dy=-53.393803555827716
above=-8.385115731354615

pursue_boost_weights
base=386.45856070358747
scale=384.85137756466946
skill=-68.72805807148424
sspeed=-20.315112315221423
sjump=-20.141872087346083
sinvincible=-77.1692566406209
sphase=-46.86406119060352
dx=65.3555927605727
dy=130.84632724264722
above=-277.8148602724835
voidance=-749.7761375070316