maintain_constant=1190.6334982380192
past_ticks_constant=115.92003865099693
giveup_ticks=547.9582937242125

run_player_weights
base=51.0644803751999
scale=1228.947198847347
kill=493.1166020296379
speed=97.16653009891593
sinvincible=-404.6516561044186
dx=15.978448459990094
dy=45.43099020271043
above=393.65639921859884

void_weights
base=1129.9376270572407
scale=-4.546684570876992
sspeed=-106.72430744476543
sjump=-721.829687951277
dy=877.4020685477782
vy=1514.001136853382

pursue_player_weights
base=1103.5119638179438
scale=434.1726111305422
skill=407.9446265854045
kill=-239.9806685101668
sspeed=117.6468205478379
speed=-159.91215375499513
sjump=194.6670162844091
jump=-117.42037985132224
sinvincible=161.19611554269875
invincible=-146.35290870313284
sphase=82.49497738139529
phase=-163.47236493199443
dx=-9.924912727228719
dy=-58.49806328320883
above=-0.29333010944605586

pursue_boost_weights
base=335.53095465569305
scale=336.6073535041336
skill=-54.72427898178315
sspeed=-20.315112315221423
sjump=-20.701434009076777
sinvincible=-77.1692566406209
sphase=-44.35635673724536
dx=68.45701544074367
dy=137.96115167678948
above=-291.4904463680505
voidance=-749.7761375070316