maintain_constant=1190.6334982380192
past_ticks_constant=115.92003865099693
giveup_ticks=496.245909992457

run_player_weights
base=64.36093634811938
scale=1134.120060627508
kill=493.1166020296379
speed=105.74947351583889
sinvincible=-413.65094658874057
dx=15.978448459990094
dy=43.317362100848285
above=413.91615161747393

void_weights
base=1129.9376270572407
scale=-4.546684570876992
sspeed=-106.72430744476543
sjump=-721.829687951277
dy=828.2934699063896
vy=1165.9123256772966

pursue_player_weights
base=1103.5119638179438
scale=416.0074296059052
skill=407.9446265854045
kill=-239.9806685101668
sspeed=111.78491706062395
speed=-159.91215375499513
sjump=194.6670162844091
jump=-103.0675999482521
sinvincible=161.19611554269875
invincible=-157.1465362422006
sphase=69.6178665978609
phase=-144.67412498385755
dx=-14.259928488306961
dy=-58.49806328320883
above=6.593657404876052

pursue_boost_weights
base=344.8756844794125
scale=336.6073535041336
skill=-56.774449260084836
sspeed=-20.853465285554513
sjump=-15.360276920313325
sinvincible=-94.08793146212044
sphase=-49.45765254728693
dx=66.51370958080201
dy=146.43067050944148
above=-304.6568464517818
voidance=-842.1321144587918