maintain_constant=1190.6334982380192
past_ticks_constant=115.92003865099693
giveup_ticks=496.245909992457

run_player_weights
base=51.0644803751999
scale=1134.120060627508
kill=493.1166020296379
speed=105.74947351583889
sinvincible=-404.6516561044186
dx=15.978448459990094
dy=43.317362100848285
above=393.65639921859884

void_weights
base=1129.9376270572407
scale=-4.546684570876992
sspeed=-106.72430744476543
sjump=-721.829687951277
dy=828.2934699063896
vy=1514.001136853382

pursue_player_weights
base=1103.5119638179438
scale=416.0074296059052
skill=407.9446265854045
kill=-239.9806685101668
sspeed=117.6468205478379
speed=-159.91215375499513
sjump=194.6670162844091
jump=-103.0675999482521
sinvincible=161.19611554269875
invincible=-146.35290870313284
sphase=82.49497738139529
phase=-147.22143859031513
dx=-14.259928488306961
dy=-58.49806328320883
above=-0.29333010944605586

pursue_boost_weights
base=344.8756844794125
scale=336.6073535041336
skill=-56.774449260084836
sspeed=-20.853465285554513
sjump=-20.701434009076777
sinvincible=-94.08793146212044
sphase=-49.45765254728693
dx=66.51370958080201
dy=137.96115167678948
above=-304.6568464517818
voidance=-842.1321144587918