maintain_constant=930.8413064455121
past_ticks_constant=111.7384129214934
giveup_ticks=496.8296806303417

run_player_weights
base=68.36552003120784
scale=1802.5745947225248
kill=402.0766815951174
speed=110.23243428285816
sinvincible=-469.98642250080223
dx=30.61190000233559
dy=53.48793424436429
above=334.7136517292507

void_weights
base=904.3562738786583
scale=1.491561602266357
sspeed=-117.43976516316768
sjump=-826.1004746970777
dy=1007.2083380317081
vy=1325.8246179557063

pursue_player_weights
base=754.6712393356586
scale=396.7313366928419
skill=402.78603419382074
kill=-220.7559692992926
sspeed=96.56031653845525
speed=-146.43783483185175
sjump=129.38442524338518
jump=-85.00895095714809
sinvincible=175.3664029707524
invincible=-184.74449379746792
sphase=84.40857366816635
phase=-163.47236493199443
dx=-4.273908844457255
dy=-64.44613772754127
above=-15.190487312347443

pursue_boost_weights
base=386.45856070358747
scale=384.85137756466946
skill=-66.29600006923471
sspeed=-14.272153456277284
sjump=-35.060649373074924
sinvincible=-71.58956520055405
sphase=-57.43339839390383
dx=70.5474458833305
dy=150.9327276770134
above=-258.15781199505415
voidance=-676.1854109719628