maintain_constant=852.6532951852048
past_ticks_constant=101.11258576269799
giveup_ticks=496.8296806303417

run_player_weights
base=68.36552003120784
scale=1802.5745947225248
kill=402.0766815951174
speed=110.23243428285816
sinvincible=-433.77578627546205
dx=31.64238190154925
dy=53.48793424436429
above=370.7416160310217

void_weights
base=960.00578445868
scale=1.491561602266357
sspeed=-121.82441857819555
sjump=-747.1186771912752
dy=906.6291909837405
vy=1325.8246179557063

pursue_player_weights
base=846.2563391033395
scale=396.7313366928419
skill=445.03411412741843
kill=-239.9806685101668
sspeed=96.56031653845525
speed=-146.43783483185175
sjump=149.97426938594614
jump=-85.00895095714809
sinvincible=175.3664029707524
invincible=-184.74449379746792
sphase=84.40857366816635
phase=-163.47236493199443
dx=-4.273908844457255
dy=-64.44613772754127
above=-8.385115731354615

pursue_boost_weights
base=386.45856070358747
scale=384.85137756466946
skill=-66.29600006923471
sspeed=-14.272153456277284
sjump=-25.252161754583884
sinvincible=-71.58956520055405
sphase=-57.43339839390383
dx=70.5474458833305
dy=150.9327276770134
above=-258.15781199505415
voidance=-664.3023876600262