maintain_constant=898.8378657631986
past_ticks_constant=92.6823696349168
giveup_ticks=510.81924700854216

run_player_weights
base=51.706257384351346
scale=1802.5745947225248
kill=420.324043181077
speed=113.85399214654538
sinvincible=-469.98642250080223
dx=30.61190000233559
dy=59.59265993262276
above=256.6538505166922

void_weights
base=953.7014777080469
scale=1.491561602266357
sspeed=-117.43976516316768
sjump=-879.3723367738518
dy=935.665186909099
vy=1107.896856396996

pursue_player_weights
base=727.4207530191842
scale=420.9100588353855
skill=391.56526607520277
kill=-220.7559692992926
sspeed=100.5833547187851
speed=-132.48743274556784
sjump=101.06820449189014
jump=-92.62091516349642
sinvincible=190.910092949533
invincible=-217.98437784991924
sphase=101.88447059464886
phase=-186.65499965071453
dx=-4.438587443150547
dy=-61.08658016287981
above=-15.190487312347443

pursue_boost_weights
base=428.617184935413
scale=384.85137756466946
skill=-68.05835750590091
sspeed=-7.8768741219653915
sjump=-36.33153845899571
sinvincible=-49.16880020674536
sphase=-65.99835521381289
dx=66.8837644771562
dy=161.21217925243863
above=-291.38753360487027
voidance=-603.7222421804366