maintain_constant=898.8378657631986
past_ticks_constant=89.65689941589312
giveup_ticks=475.3854304275012

run_player_weights
base=58.741258354467156
scale=1802.5745947225248
kill=398.4673602828277
speed=115.02378852032358
sinvincible=-469.98642250080223
dx=30.61190000233559
dy=53.48793424436429
above=329.19614149556133

void_weights
base=986.9383971603683
scale=1.491561602266357
sspeed=-117.43976516316768
sjump=-879.3723367738518
dy=1007.2083380317081
vy=1107.896856396996

pursue_player_weights
base=727.4207530191842
scale=439.9950235785601
skill=391.56526607520277
kill=-220.7559692992926
sspeed=84.41999662016535
speed=-146.43783483185175
sjump=119.78578475457137
jump=-85.00895095714809
sinvincible=190.910092949533
invincible=-217.98437784991924
sphase=103.53371368393135
phase=-186.65499965071453
dx=-4.273908844457255
dy=-61.08658016287981
above=-15.190487312347443

pursue_boost_weights
base=428.617184935413
scale=384.85137756466946
skill=-68.42456383702827
sspeed=-12.125874232369014
sjump=-35.060649373074924
sinvincible=-71.58956520055405
sphase=-65.99835521381289
dx=70.5474458833305
dy=161.21217925243863
above=-274.37781064190165
voidance=-676.1854109719628