maintain_constant=898.8378657631986
past_ticks_constant=92.6823696349168
giveup_ticks=565.328347648709

run_player_weights
base=68.96382179566919
scale=1728.5825958994114
kill=438.7008281598392
speed=88.10469010062118
sinvincible=-335.8753812951837
dx=23.82783797030444
dy=74.88271951652276
above=256.6538505166922

void_weights
base=893.8112676004299
scale=4.50996671386222
sspeed=-117.43976516316768
sjump=-879.3723367738518
dy=935.665186909099
vy=1080.0674178087932

pursue_player_weights
base=706.5366428941581
scale=444.6526730181852
skill=391.56526607520277
kill=-202.95278123490513
sspeed=69.10227986347222
speed=-140.72383388325684
sjump=81.91064060705246
jump=-88.40542566807589
sinvincible=190.910092949533
invincible=-181.69779029825867
sphase=100.07337190260675
phase=-161.53985752519787
dx=-8.598345102978787
dy=-60.213940756137916
above=-15.190487312347443

pursue_boost_weights
base=428.617184935413
scale=392.5323463496635
skill=-51.40054539750566
sspeed=-12.125340429388146
sjump=-36.33153845899571
sinvincible=-49.16880020674536
sphase=-63.622351635826696
dx=61.85394943248697
dy=171.67653420032997
above=-304.8185820477275
voidance=-620.9577308738982