maintain_constant=898.8378657631986
past_ticks_constant=92.6823696349168
giveup_ticks=520.7264845293436

run_player_weights
base=68.96382179566919
scale=1728.5825958994114
kill=438.7008281598392
speed=87.49492520891874
sinvincible=-424.26273482996345
dx=26.67503068908671
dy=65.0979903990293
above=256.6538505166922

void_weights
base=893.8112676004299
scale=5.255034764505156
sspeed=-117.43976516316768
sjump=-879.3723367738518
dy=935.665186909099
vy=1114.3665247233844

pursue_player_weights
base=727.4207530191842
scale=444.6526730181852
skill=391.56526607520277
kill=-202.95278123490513
sspeed=75.77177872040728
speed=-150.14575282511217
sjump=81.91064060705246
jump=-88.40542566807589
sinvincible=190.910092949533
invincible=-185.85780420990676
sphase=105.0494902395841
phase=-161.53985752519787
dx=-8.598345102978787
dy=-56.84840648157133
above=-15.190487312347443

pursue_boost_weights
base=428.617184935413
scale=392.5323463496635
skill=-59.56416257773057
sspeed=-7.8768741219653915
sjump=-36.33153845899571
sinvincible=-49.16880020674536
sphase=-63.622351635826696
dx=66.8837644771562
dy=186.3388039622299
above=-304.8185820477275
voidance=-603.7222421804366