maintain_constant=930.8413064455121
past_ticks_constant=111.7384129214934
giveup_ticks=475.3854304275012

run_player_weights
base=58.741258354467156
scale=1802.5745947225248
kill=386.7015535492192
speed=115.02378852032358
sinvincible=-469.98642250080223
dx=30.61190000233559
dy=53.48793424436429
above=329.19614149556133

void_weights
base=904.3562738786583
scale=1.491561602266357
sspeed=-117.43976516316768
sjump=-879.3723367738518
dy=1007.2083380317081
vy=1107.896856396996

pursue_player_weights
base=727.4207530191842
scale=439.9950235785601
skill=415.3590205004381
kill=-220.7559692992926
sspeed=84.28655572180378
speed=-146.43783483185175
sjump=119.78578475457137
jump=-85.00895095714809
sinvincible=170.24782928478132
invincible=-211.81026462475643
sphase=84.40857366816635
phase=-186.65499965071453
dx=-4.273908844457255
dy=-64.44613772754127
above=-15.190487312347443

pursue_boost_weights
base=419.9036065189665
scale=384.85137756466946
skill=-61.36874749961043
sspeed=-12.572753843301653
sjump=-35.060649373074924
sinvincible=-71.58956520055405
sphase=-57.43339839390383
dx=70.5474458833305
dy=161.21217925243863
above=-274.37781064190165
voidance=-676.1854109719628