maintain_constant=898.8378657631986
past_ticks_constant=92.6823696349168
giveup_ticks=475.3854304275012

run_player_weights
base=50.998501029798724
scale=1802.5745947225248
kill=430.5892960223818
speed=115.02378852032358
sinvincible=-469.98642250080223
dx=30.61190000233559
dy=53.48793424436429
above=256.6538505166922

void_weights
base=953.7014777080469
scale=1.491561602266357
sspeed=-117.43976516316768
sjump=-879.3723367738518
dy=935.665186909099
vy=1107.896856396996

pursue_player_weights
base=727.4207530191842
scale=442.92402933479593
skill=391.56526607520277
kill=-220.7559692992926
sspeed=100.5833547187851
speed=-146.43783483185175
sjump=101.06820449189014
jump=-85.00895095714809
sinvincible=190.910092949533
invincible=-217.98437784991924
sphase=92.1979147085675
phase=-186.65499965071453
dx=-4.438587443150547
dy=-61.08658016287981
above=-15.190487312347443

pursue_boost_weights
base=428.617184935413
scale=384.85137756466946
skill=-68.42456383702827
sspeed=-7.8768741219653915
sjump=-35.060649373074924
sinvincible=-49.16880020674536
sphase=-65.99835521381289
dx=81.67449119413375
dy=161.21217925243863
above=-274.37781064190165
voidance=-603.7222421804366