maintain_constant=906.8445510415224
past_ticks_constant=101.11258576269799
giveup_ticks=489.15438515391276

run_player_weights
base=68.36552003120784
scale=1646.407127044418
kill=459.82968462001065
speed=109.36985178610267
sinvincible=-433.77578627546205
dx=31.64238190154925
dy=53.48793424436429
above=370.7416160310217

void_weights
base=1058.5328617652044
scale=1.491561602266357
sspeed=-123.7696590449453
sjump=-747.1186771912752
dy=895.9590600133128
vy=1325.8246179557063

pursue_player_weights
base=1026.719626202284
scale=396.7313366928419
skill=445.03411412741843
kill=-239.9806685101668
sspeed=115.27874004410222
speed=-146.43783483185175
sjump=149.97426938594614
jump=-85.00895095714809
sinvincible=175.3664029707524
invincible=-184.74449379746792
sphase=82.49497738139529
phase=-163.47236493199443
dx=-4.273908844457255
dy=-64.44613772754127
above=-8.385115731354615

pursue_boost_weights
base=386.45856070358747
scale=384.85137756466946
skill=-66.29600006923471
sspeed=-20.315112315221423
sjump=-25.948615308151165
sinvincible=-77.1692566406209
sphase=-57.43339839390383
dx=70.5474458833305
dy=135.43616589941553
above=-258.15781199505415
voidance=-664.3023876600262