maintain_constant=922.4776351221926
past_ticks_constant=92.6823696349168
giveup_ticks=588.846532157763

run_player_weights
base=59.8533159626624
scale=1649.5307528896542
kill=408.3582247770119
speed=99.04911965365058
sinvincible=-315.7497974088112
dx=17.72901039435213
dy=74.88271951652276
above=256.6538505166922

void_weights
base=893.8112676004299
scale=5.959594053135964
sspeed=-118.45425633115805
sjump=-820.426748289838
dy=709.7399135739566
vy=1080.0239255414226

pursue_player_weights
base=788.7798254288543
scale=450.0335576875539
skill=453.3076806881228
kill=-241.83796149985605
sspeed=85.10000618626044
speed=-150.22092146568653
sjump=83.20429096619587
jump=-111.91026585511241
sinvincible=154.51004334329755
invincible=-189.83018833516206
sphase=93.87807282957768
phase=-112.51570749789217
dx=-8.597357162711207
dy=-64.2293122207054
above=-19.803659285551504

pursue_boost_weights
base=406.7842947586555
scale=310.4634251752097
skill=-42.80573317719383
sspeed=-24.436243656065134
sjump=-36.33153845899571
sinvincible=-51.7627105528811
sphase=-63.622351635826696
dx=54.04532350725606
dy=171.67653420032997
above=-342.87505137026557
voidance=-655.5975501668889