maintain_constant=834.06718671942
past_ticks_constant=115.78142137356262
giveup_ticks=588.846532157763

run_player_weights
base=59.8533159626624
scale=1649.5307528896542
kill=454.59371888991956
speed=98.06003089928936
sinvincible=-315.7497974088112
dx=13.114667296544214
dy=66.07715418829116
above=226.40316385351957

void_weights
base=893.8112676004299
scale=5.445060262590182
sspeed=-119.78330391046434
sjump=-751.2434418808507
dy=655.3073498741776
vy=751.2906347160826

pursue_player_weights
base=907.7742264855107
scale=450.0335576875539
skill=459.79471479985125
kill=-259.7798861761589
sspeed=86.96214655531416
speed=-150.22092146568653
sjump=83.20429096619587
jump=-111.91026585511241
sinvincible=152.2185750790924
invincible=-186.1381535043447
sphase=93.87807282957768
phase=-112.51570749789217
dx=-3.9007276002031266
dy=-64.2293122207054
above=-12.650221886326907

pursue_boost_weights
base=425.0101513999435
scale=310.4634251752097
skill=-42.80573317719383
sspeed=-27.03485919720469
sjump=-35.31027715374971
sinvincible=-51.7627105528811
sphase=-63.622351635826696
dx=51.16356578072043
dy=183.60719856418805
above=-342.87505137026557
voidance=-598.8454357567387