maintain_constant=898.8378657631986
past_ticks_constant=92.6823696349168
giveup_ticks=565.328347648709

run_player_weights
base=68.96382179566919
scale=1728.5825958994114
kill=438.7008281598392
speed=88.10469010062118
sinvincible=-335.8753812951837
dx=31.19449676795946
dy=74.88271951652276
above=256.6538505166922

void_weights
base=893.8112676004299
scale=4.50996671386222
sspeed=-127.45775641814687
sjump=-879.3723367738518
dy=922.8379968330327
vy=1080.0674178087932

pursue_player_weights
base=706.5366428941581
scale=444.6526730181852
skill=391.56526607520277
kill=-202.95278123490513
sspeed=71.63965918514604
speed=-150.22092146568653
sjump=81.91064060705246
jump=-105.4748554290218
sinvincible=190.910092949533
invincible=-187.89898111428226
sphase=90.02542412941737
phase=-142.95773551460982
dx=-2.0296170992486617
dy=-60.213940756137916
above=-15.733951414927786

pursue_boost_weights
base=428.617184935413
scale=310.4634251752097
skill=-51.40054539750566
sspeed=-21.088058997720985
sjump=-36.33153845899571
sinvincible=-48.875825203403814
sphase=-63.622351635826696
dx=67.27905065267834
dy=171.67653420032997
above=-304.8185820477275
voidance=-620.9577308738982