maintain_constant=922.4776351221926
past_ticks_constant=115.78142137356262
giveup_ticks=588.846532157763

run_player_weights
base=59.8533159626624
scale=1649.5307528896542
kill=408.3582247770119
speed=99.04911965365058
sinvincible=-315.7497974088112
dx=13.114667296544214
dy=74.88271951652276
above=256.6538505166922

void_weights
base=893.8112676004299
scale=5.959594053135964
sspeed=-119.78330391046434
sjump=-751.2434418808507
dy=709.7399135739566
vy=1038.502859603989

pursue_player_weights
base=907.7742264855107
scale=450.0335576875539
skill=415.2623131987536
kill=-241.83796149985605
sspeed=86.96214655531416
speed=-150.22092146568653
sjump=83.20429096619587
jump=-111.91026585511241
sinvincible=154.51004334329755
invincible=-186.1381535043447
sphase=93.87807282957768
phase=-112.51570749789217
dx=-3.4891189328628247
dy=-64.2293122207054
above=-19.803659285551504

pursue_boost_weights
base=406.7842947586555
scale=310.4634251752097
skill=-42.80573317719383
sspeed=-24.436243656065134
sjump=-36.33153845899571
sinvincible=-51.7627105528811
sphase=-63.622351635826696
dx=51.16356578072043
dy=183.60719856418805
above=-342.87505137026557
voidance=-655.5975501668889