maintain_constant=834.06718671942
past_ticks_constant=118.79430941852158
giveup_ticks=466.50378806672484

run_player_weights
base=60.97530983155458
scale=1649.5307528896542
kill=454.59371888991956
speed=98.06003089928936
sinvincible=-315.7497974088112
dx=13.114667296544214
dy=66.07715418829116
above=191.57249391623208

void_weights
base=885.8881655893482
scale=5.445060262590182
sspeed=-119.78330391046434
sjump=-751.2434418808507
dy=655.3073498741776
vy=811.2047238998758

pursue_player_weights
base=965.8936448320893
scale=450.0335576875539
skill=403.20229322879925
kill=-259.7798861761589
sspeed=86.96214655531416
speed=-150.22092146568653
sjump=83.20429096619587
jump=-111.91026585511241
sinvincible=152.2185750790924
invincible=-186.1381535043447
sphase=93.87807282957768
phase=-112.51570749789217
dx=-3.9007276002031266
dy=-64.2293122207054
above=-12.650221886326907

pursue_boost_weights
base=425.0101513999435
scale=230.29641521854853
skill=-47.40843584667031
sspeed=-27.03485919720469
sjump=-35.31027715374971
sinvincible=-51.7627105528811
sphase=-63.622351635826696
dx=57.82030910972042
dy=183.60719856418805
above=-369.943311554438
voidance=-598.8454357567387