maintain_constant=834.06718671942
past_ticks_constant=118.79430941852158
giveup_ticks=465.312990256282

run_player_weights
base=65.38307363401658
scale=1478.9404565920242
kill=440.86143256877426
speed=98.71380312848065
sinvincible=-290.50072515130137
dx=9.97925169817497
dy=66.07715418829116
above=191.57249391623208

void_weights
base=885.8881655893482
scale=2.885916610723937
sspeed=-119.78330391046434
sjump=-751.2434418808507
dy=650.8772039792843
vy=811.2047238998758

pursue_player_weights
base=1021.3457483837652
scale=447.0135136535939
skill=385.1860257152543
kill=-259.7798861761589
sspeed=90.0352482797458
speed=-157.64305760591316
sjump=83.20429096619587
jump=-133.1797328084104
sinvincible=152.2185750790924
invincible=-204.9442652280536
sphase=83.25511047548686
phase=-99.47809964757438
dx=-8.827688444985615
dy=-64.2293122207054
above=-12.159792535078958

pursue_boost_weights
base=425.0101513999435
scale=230.29641521854853
skill=-48.47438655415546
sspeed=-25.485658976180595
sjump=-45.84243022244725
sinvincible=-44.652143807330866
sphase=-55.715156289882465
dx=51.55895841718861
dy=183.60719856418805
above=-369.943311554438
voidance=-598.8454357567387