maintain_constant=834.06718671942
past_ticks_constant=118.79430941852158
giveup_ticks=465.312990256282

run_player_weights
base=60.97530983155458
scale=1649.5307528896542
kill=454.59371888991956
speed=98.06003089928936
sinvincible=-315.7497974088112
dx=9.97925169817497
dy=66.07715418829116
above=191.57249391623208

void_weights
base=885.8881655893482
scale=5.445060262590182
sspeed=-119.78330391046434
sjump=-751.2434418808507
dy=650.8772039792843
vy=811.2047238998758

pursue_player_weights
base=1011.3559710504087
scale=401.01760929356703
skill=385.1860257152543
kill=-259.7798861761589
sspeed=88.26742497979406
speed=-157.64305760591316
sjump=83.20429096619587
jump=-110.62897019550707
sinvincible=152.2185750790924
invincible=-198.94157360125914
sphase=83.25511047548686
phase=-99.47809964757438
dx=-8.827688444985615
dy=-64.2293122207054
above=-12.159792535078958

pursue_boost_weights
base=425.0101513999435
scale=230.29641521854853
skill=-49.63821724458907
sspeed=-27.03485919720469
sjump=-35.31027715374971
sinvincible=-51.7627105528811
sphase=-63.622351635826696
dx=51.55895841718861
dy=183.60719856418805
above=-369.943311554438
voidance=-598.8454357567387