maintain_constant=922.4776351221926
past_ticks_constant=92.6823696349168
giveup_ticks=588.846532157763

run_player_weights
base=68.96382179566919
scale=1649.5307528896542
kill=438.7008281598392
speed=95.58682700695574
sinvincible=-315.7497974088112
dx=25.592310551609106
dy=74.88271951652276
above=256.6538505166922

void_weights
base=893.8112676004299
scale=4.50996671386222
sspeed=-133.47514529683366
sjump=-820.426748289838
dy=920.508401771255
vy=1113.236447516064

pursue_player_weights
base=788.7798254288543
scale=450.0335576875539
skill=453.3076806881228
kill=-248.52762548960675
sspeed=83.66233573096005
speed=-150.22092146568653
sjump=83.48185285465827
jump=-111.91026585511241
sinvincible=154.51004334329755
invincible=-187.89898111428226
sphase=90.02542412941737
phase=-104.60956176828701
dx=-8.597357162711207
dy=-64.2293122207054
above=-19.803659285551504

pursue_boost_weights
base=412.2792859207447
scale=310.4634251752097
skill=-48.143615722139074
sspeed=-24.875419545477957
sjump=-36.33153845899571
sinvincible=-51.7627105528811
sphase=-63.622351635826696
dx=54.04532350725606
dy=171.67653420032997
above=-342.87505137026557
voidance=-620.9577308738982