maintain_constant=833.2632425698853
past_ticks_constant=114.74902998202478
giveup_ticks=465.312990256282

run_player_weights
base=75.0872329589052
scale=1675.6299400987825
kill=440.86143256877426
speed=98.71380312848065
sinvincible=-290.50072515130137
dx=9.97925169817497
dy=66.07715418829116
above=191.57249391623208

void_weights
base=885.8881655893482
scale=2.885916610723937
sspeed=-119.78330391046434
sjump=-751.2434418808507
dy=650.8772039792843
vy=918.7843998291464

pursue_player_weights
base=1126.829436395648
scale=447.0135136535939
skill=385.1860257152543
kill=-241.45019063061955
sspeed=90.0352482797458
speed=-157.64305760591316
sjump=83.20429096619587
jump=-112.62543626913475
sinvincible=152.2185750790924
invincible=-204.9442652280536
sphase=83.25511047548686
phase=-99.47809964757438
dx=0.3837080556047727
dy=-67.66884813616218
above=-12.159792535078958

pursue_boost_weights
base=425.0101513999435
scale=186.15570460111974
skill=-55.470903286545294
sspeed=-25.485658976180595
sjump=-45.84243022244725
sinvincible=-44.652143807330866
sphase=-55.715156289882465
dx=51.55895841718861
dy=183.60719856418805
above=-369.943311554438
voidance=-558.8380326927127