maintain_constant=833.2632425698853
past_ticks_constant=114.74902998202478
giveup_ticks=465.312990256282

run_player_weights
base=75.0872329589052
scale=1675.6299400987825
kill=420.43315162303526
speed=98.71380312848065
sinvincible=-285.79595086435336
dx=6.933658233392039
dy=66.07715418829116
above=191.57249391623208

void_weights
base=885.8881655893482
scale=-4.6760006810883485
sspeed=-119.78330391046434
sjump=-751.2434418808507
dy=644.5975105632634
vy=769.8914987958791

pursue_player_weights
base=1197.7596583408663
scale=447.0135136535939
skill=385.1860257152543
kill=-241.45019063061955
sspeed=90.0352482797458
speed=-157.64305760591316
sjump=83.20429096619587
jump=-112.62543626913475
sinvincible=152.2185750790924
invincible=-204.9442652280536
sphase=80.2377191247254
phase=-99.47809964757438
dx=1.5533101430303857
dy=-74.28212264328498
above=-12.159792535078958

pursue_boost_weights
base=375.52959092490084
scale=186.15570460111974
skill=-55.470903286545294
sspeed=-25.485658976180595
sjump=-35.43250358649359
sinvincible=-46.21300789456541
sphase=-50.43519859441393
dx=51.55895841718861
dy=183.60719856418805
above=-369.943311554438
voidance=-582.7727181744215