maintain_constant=874.7490375106164
past_ticks_constant=127.77635130211145
giveup_ticks=528.007662776661

run_player_weights
base=69.36024250138456
scale=1856.6460822005579
kill=422.4965612537272
speed=121.86018459182645
sinvincible=-351.6836511624931
dx=5.751026706153693
dy=79.70097647894491
above=153.26970612869573

void_weights
base=914.6413921111313
scale=-1.7465451300623336
sspeed=-119.78330391046434
sjump=-716.9663458092327
dy=756.6278285185974
vy=637.4104344434924

pursue_player_weights
base=1020.5056572921719
scale=513.7820734821129
skill=323.8500296010297
kill=-233.3677863306242
sspeed=83.5405139064254
speed=-138.07385940439246
sjump=62.2688868514464
jump=-104.79469684315715
sinvincible=163.6532683994022
invincible=-184.90693046432742
sphase=112.69293903072239
phase=-101.48716891668587
dx=15.137760379388054
dy=-62.30760990794768
above=-12.159792535078958

pursue_boost_weights
base=420.03236281241834
scale=203.50778925315302
skill=-57.2134869991205
sspeed=-25.485658976180595
sjump=-23.905636846061245
sinvincible=-51.617386090982635
sphase=-46.97952571826038
dx=49.85746700370724
dy=134.18988216400473
above=-370.65769547034796
voidance=-728.8448051823245