maintain_constant=823.225219589123
past_ticks_constant=127.77635130211145
giveup_ticks=528.007662776661

run_player_weights
base=72.30475109501323
scale=1675.6299400987825
kill=411.9948522792916
speed=109.84720015462706
sinvincible=-262.95520726518134
dx=8.903905076438068
dy=75.51276999278568
above=167.0921688922194

void_weights
base=885.8881655893482
scale=-4.6760006810883485
sspeed=-119.78330391046434
sjump=-684.0768966250706
dy=732.0895946039441
vy=610.9547737768036

pursue_player_weights
base=1067.571799793492
scale=513.7820734821129
skill=264.2453908986638
kill=-241.45019063061955
sspeed=83.5405139064254
speed=-157.64305760591316
sjump=69.65817320176612
jump=-112.89013228905647
sinvincible=163.6012210869318
invincible=-184.90693046432742
sphase=80.2377191247254
phase=-98.80842527411504
dx=-2.296789975101655
dy=-67.3792936295931
above=-12.159792535078958

pursue_boost_weights
base=375.52959092490084
scale=185.4776286905558
skill=-52.432772076773325
sspeed=-25.485658976180595
sjump=-37.30862552225896
sinvincible=-51.617386090982635
sphase=-54.2775156291632
dx=58.055638658998205
dy=151.62602261657844
above=-369.943311554438
voidance=-612.3555808781448