maintain_constant=823.225219589123
past_ticks_constant=114.74902998202478
giveup_ticks=465.312990256282

run_player_weights
base=75.0872329589052
scale=1675.6299400987825
kill=411.9948522792916
speed=98.71380312848065
sinvincible=-285.79595086435336
dx=6.933658233392039
dy=66.07715418829116
above=191.57249391623208

void_weights
base=885.8881655893482
scale=-4.6760006810883485
sspeed=-119.78330391046434
sjump=-714.298162123394
dy=732.0895946039441
vy=769.8914987958791

pursue_player_weights
base=1197.7596583408663
scale=421.9528249189771
skill=385.1860257152543
kill=-241.45019063061955
sspeed=90.0352482797458
speed=-157.64305760591316
sjump=78.15490775769541
jump=-112.89013228905647
sinvincible=148.56966743165566
invincible=-204.9442652280536
sphase=80.2377191247254
phase=-99.47809964757438
dx=1.5533101430303857
dy=-92.2315365368789
above=-12.159792535078958

pursue_boost_weights
base=375.52959092490084
scale=185.4776286905558
skill=-55.470903286545294
sspeed=-25.485658976180595
sjump=-35.43250358649359
sinvincible=-46.21300789456541
sphase=-50.43519859441393
dx=57.964942576510104
dy=151.62602261657844
above=-369.943311554438
voidance=-582.7727181744215