maintain_constant=930.5947200605374
past_ticks_constant=127.77635130211145
giveup_ticks=528.007662776661

run_player_weights
base=69.36024250138456
scale=1715.841940080863
kill=422.4965612537272
speed=121.86018459182645
sinvincible=-330.96234586272845
dx=5.751026706153693
dy=79.70097647894491
above=153.26970612869573

void_weights
base=914.6413921111313
scale=-1.7465451300623336
sspeed=-119.78330391046434
sjump=-635.5763954640581
dy=840.7709985081435
vy=637.4104344434924

pursue_player_weights
base=1020.5056572921719
scale=513.7820734821129
skill=307.10999550829496
kill=-241.45019063061955
sspeed=83.5405139064254
speed=-138.07385940439246
sjump=62.2688868514464
jump=-104.79469684315715
sinvincible=163.6532683994022
invincible=-184.90693046432742
sphase=112.69293903072239
phase=-98.80842527411504
dx=16.587211146197134
dy=-62.30760990794768
above=-12.159792535078958

pursue_boost_weights
base=420.03236281241834
scale=203.50778925315302
skill=-57.2134869991205
sspeed=-25.485658976180595
sjump=-25.85120034450415
sinvincible=-51.617386090982635
sphase=-46.97952571826038
dx=49.787394955298495
dy=150.5185033607852
above=-419.00878264936506
voidance=-612.3555808781448