maintain_constant=850.5237107692889
past_ticks_constant=127.77635130211145
giveup_ticks=528.007662776661

run_player_weights
base=69.36024250138456
scale=1715.841940080863
kill=411.9948522792916
speed=121.86018459182645
sinvincible=-275.88889395613376
dx=8.903905076438068
dy=79.70097647894491
above=171.7425020867156

void_weights
base=914.6413921111313
scale=-4.111474441300675
sspeed=-119.78330391046434
sjump=-684.0768966250706
dy=732.0895946039441
vy=637.4104344434924

pursue_player_weights
base=1020.5056572921719
scale=513.7820734821129
skill=264.2453908986638
kill=-241.45019063061955
sspeed=83.5405139064254
speed=-138.07385940439246
sjump=62.2688868514464
jump=-112.89013228905647
sinvincible=163.6532683994022
invincible=-184.90693046432742
sphase=112.69293903072239
phase=-98.80842527411504
dx=16.605209152019032
dy=-62.30760990794768
above=-12.159792535078958

pursue_boost_weights
base=420.03236281241834
scale=203.50778925315302
skill=-62.34611683409153
sspeed=-25.485658976180595
sjump=-25.85120034450415
sinvincible=-51.617386090982635
sphase=-46.684516546258244
dx=49.787394955298495
dy=151.62602261657844
above=-445.21005036028106
voidance=-612.3555808781448