maintain_constant=850.5237107692889
past_ticks_constant=127.77635130211145
giveup_ticks=528.007662776661

run_player_weights
base=69.36024250138456
scale=1727.4175244814796
kill=411.9948522792916
speed=120.30121853887286
sinvincible=-262.95520726518134
dx=8.903905076438068
dy=79.70097647894491
above=171.7425020867156

void_weights
base=885.8881655893482
scale=-4.111474441300675
sspeed=-119.78330391046434
sjump=-684.0768966250706
dy=732.0895946039441
vy=610.9547737768036

pursue_player_weights
base=1003.1163533422726
scale=513.7820734821129
skill=264.2453908986638
kill=-241.45019063061955
sspeed=83.5405139064254
speed=-150.19187470446462
sjump=61.55291357098124
jump=-112.89013228905647
sinvincible=156.25738446903574
invincible=-184.90693046432742
sphase=90.38290566133001
phase=-98.80842527411504
dx=9.95401931414681
dy=-67.3792936295931
above=-12.159792535078958

pursue_boost_weights
base=375.52959092490084
scale=199.15308358938537
skill=-59.40207991743131
sspeed=-25.485658976180595
sjump=-33.160785841886074
sinvincible=-51.617386090982635
sphase=-54.2775156291632
dx=62.03202892656884
dy=151.62602261657844
above=-369.943311554438
voidance=-612.3555808781448