maintain_constant=938.861769704647
past_ticks_constant=97.10115370979801
giveup_ticks=498.83303011699945

run_player_weights
base=73.71274173619915
scale=1734.2660645295407
kill=475.74079257194296
speed=125.09727938024639
sinvincible=-353.37649838052914
dx=11.399438903512062
dy=84.91902610260458
above=132.32010434195556

void_weights
base=841.2914234981182
scale=-5.108662601379802
sspeed=-109.12329613779875
sjump=-719.0325159050058
dy=756.6278285185974
vy=552.5628863420678

pursue_player_weights
base=964.4972505386637
scale=513.7820734821129
skill=260.98727792299366
kill=-255.36196104685376
sspeed=91.68679193636139
speed=-138.07385940439246
sjump=70.72740797063261
jump=-103.13996712533954
sinvincible=163.6532683994022
invincible=-178.40064129099963
sphase=130.40790968705167
phase=-129.81820556001182
dx=13.876797740246213
dy=-66.55410575519986
above=-23.105834595715276

pursue_boost_weights
base=412.5481862401183
scale=234.7303394343066
skill=-43.40393245095489
sspeed=-22.055756113036896
sjump=-25.240821077968572
sinvincible=-67.0168984216632
sphase=-48.989020655284286
dx=47.16261052665381
dy=130.1858555979871
above=-331.6795869738204
voidance=-997.1996506664116