maintain_constant=874.7490375106164
past_ticks_constant=108.50697697047707
giveup_ticks=528.007662776661

run_player_weights
base=74.66263985083275
scale=1806.2010204068015
kill=418.23259208123983
speed=125.09727938024639
sinvincible=-326.57723079204646
dx=9.473789476357357
dy=91.27073390013565
above=121.48571827953138

void_weights
base=902.6397949124196
scale=3.7307255020408396
sspeed=-95.23176311047736
sjump=-687.9711934858403
dy=756.6278285185974
vy=546.1271954976963

pursue_player_weights
base=964.4972505386637
scale=513.7820734821129
skill=281.2607534683531
kill=-207.35150949962477
sspeed=83.5405139064254
speed=-138.07385940439246
sjump=70.72740797063261
jump=-103.13996712533954
sinvincible=163.6532683994022
invincible=-178.40064129099963
sphase=118.55741692056893
phase=-118.56546359894206
dx=13.105203911077993
dy=-71.6465838534592
above=-19.674155124122393

pursue_boost_weights
base=454.8272741464878
scale=243.22796127667985
skill=-56.047074624142894
sspeed=-24.115359844789523
sjump=-26.4829315988176
sinvincible=-51.617386090982635
sphase=-46.97952571826038
dx=47.16261052665381
dy=132.92728758755115
above=-370.65769547034796
voidance=-853.6934722852384