maintain_constant=874.7490375106164
past_ticks_constant=108.50697697047707
giveup_ticks=528.007662776661

run_player_weights
base=74.66263985083275
scale=1734.2660645295407
kill=418.23259208123983
speed=125.09727938024639
sinvincible=-326.57723079204646
dx=11.399438903512062
dy=84.91902610260458
above=121.48571827953138

void_weights
base=902.6397949124196
scale=-5.108662601379802
sspeed=-109.12329613779875
sjump=-687.9711934858403
dy=756.6278285185974
vy=552.5628863420678

pursue_player_weights
base=964.4972505386637
scale=513.7820734821129
skill=281.2607534683531
kill=-207.35150949962477
sspeed=83.5405139064254
speed=-138.07385940439246
sjump=70.72740797063261
jump=-103.13996712533954
sinvincible=163.6532683994022
invincible=-178.40064129099963
sphase=118.55741692056893
phase=-123.28904556253416
dx=13.105203911077993
dy=-71.6465838534592
above=-19.674155124122393

pursue_boost_weights
base=412.5481862401183
scale=226.45219557589795
skill=-56.047074624142894
sspeed=-22.055756113036896
sjump=-31.821218483709714
sinvincible=-65.18982895308008
sphase=-46.97952571826038
dx=47.16261052665381
dy=132.92728758755115
above=-370.65769547034796
voidance=-997.1996506664116