maintain_constant=938.861769704647
past_ticks_constant=107.71144508044407
giveup_ticks=546.1176861569515

run_player_weights
base=60.2712824403655
scale=1679.4924676156777
kill=475.74079257194296
speed=125.09727938024639
sinvincible=-284.4650034949143
dx=12.019186624343721
dy=78.89227865908273
above=132.32010434195556

void_weights
base=843.0785842506243
scale=0.9359969843945071
sspeed=-109.12329613779875
sjump=-719.0325159050058
dy=756.6278285185974
vy=574.963465483514

pursue_player_weights
base=921.8758150092413
scale=513.7820734821129
skill=289.1563054953188
kill=-194.1798867337451
sspeed=91.68679193636139
speed=-138.07385940439246
sjump=75.36087164097303
jump=-126.59594399079072
sinvincible=136.22095511921216
invincible=-178.40064129099963
sphase=130.40790968705167
phase=-139.22240105176004
dx=17.82714333890233
dy=-63.54990681177842
above=-23.105834595715276

pursue_boost_weights
base=444.908656759862
scale=234.7303394343066
skill=-43.40393245095489
sspeed=-18.39968168723897
sjump=-26.67442211234065
sinvincible=-47.551917924106895
sphase=-49.695114403885476
dx=47.16261052665381
dy=130.1858555979871
above=-376.2963838708032
voidance=-997.1996506664116