maintain_constant=874.7490375106164
past_ticks_constant=118.35665314461573
giveup_ticks=528.007662776661

run_player_weights
base=77.30271191406825
scale=1851.8072107836567
kill=418.23259208123983
speed=121.86018459182645
sinvincible=-351.6836511624931
dx=5.751026706153693
dy=91.27073390013565
above=138.37977035997037

void_weights
base=902.6397949124196
scale=-1.7465451300623336
sspeed=-125.58157845940586
sjump=-694.5821396035013
dy=756.6278285185974
vy=637.4104344434924

pursue_player_weights
base=869.1436204410431
scale=513.7820734821129
skill=309.4318365113431
kill=-233.3677863306242
sspeed=83.5405139064254
speed=-138.07385940439246
sjump=69.36251818703155
jump=-104.79469684315715
sinvincible=163.6532683994022
invincible=-184.90693046432742
sphase=118.55741692056893
phase=-101.48716891668587
dx=15.137760379388054
dy=-79.39875645966134
above=-22.844339383637823

pursue_boost_weights
base=420.03236281241834
scale=209.291326852988
skill=-57.2134869991205
sspeed=-24.115359844789523
sjump=-26.484168336399062
sinvincible=-51.617386090982635
sphase=-46.97952571826038
dx=49.85746700370724
dy=138.24696300114567
above=-370.65769547034796
voidance=-814.9655451580509