maintain_constant=1098.7779275096386
past_ticks_constant=111.32288477990724
giveup_ticks=546.1176861569515

run_player_weights
base=47.89592696462289
scale=1679.4924676156777
kill=475.74079257194296
speed=125.09727938024639
sinvincible=-283.89523985023266
dx=16.79972862978377
dy=78.89227865908273
above=124.84251504714847

void_weights
base=843.0785842506243
scale=2.0538227947405066
sspeed=-102.11027725203402
sjump=-601.7918763976126
dy=756.6278285185974
vy=574.963465483514

pursue_player_weights
base=867.5476325091931
scale=513.7820734821129
skill=289.1563054953188
kill=-194.1798867337451
sspeed=91.68679193636139
speed=-138.07385940439246
sjump=75.36087164097303
jump=-126.59594399079072
sinvincible=123.22003906397295
invincible=-185.95350830995454
sphase=130.40790968705167
phase=-139.22240105176004
dx=17.82714333890233
dy=-63.54990681177842
above=-23.105834595715276

pursue_boost_weights
base=450.70055624658954
scale=234.7303394343066
skill=-43.40393245095489
sspeed=-18.39968168723897
sjump=-26.67442211234065
sinvincible=-47.551917924106895
sphase=-54.19226608146089
dx=47.16261052665381
dy=127.2877275242234
above=-376.2963838708032
voidance=-997.1996506664116