maintain_constant=1158.4372533855267
past_ticks_constant=119.06539912316828
giveup_ticks=563.987131707831

run_player_weights
base=47.297247675532525
scale=2144.8518480831353
kill=475.74079257194296
speed=126.07323394968232
sinvincible=-267.13973640111215
dx=10.614266638090196
dy=75.0205686846104
above=124.84251504714847

void_weights
base=827.3433941646002
scale=9.301769865269808
sspeed=-110.76922870360907
sjump=-682.141995410142
dy=844.7725955942396
vy=523.1840497618116

pursue_player_weights
base=848.677121734637
scale=513.7820734821129
skill=315.16418485675314
kill=-236.19996669779516
sspeed=91.68679193636139
speed=-124.54214158074095
sjump=76.61270637012866
jump=-126.59594399079072
sinvincible=119.22641192286265
invincible=-212.53661084582515
sphase=133.66624041191415
phase=-130.44951684128054
dx=18.016714683384805
dy=-63.54990681177842
above=-32.438889068661545

pursue_boost_weights
base=366.3873254697328
scale=235.2489361249777
skill=-39.63608493359011
sspeed=-11.349966420863108
sjump=-41.08944581787017
sinvincible=-47.551917924106895
sphase=-56.678932865176755
dx=37.33630977663955
dy=132.61091567700572
above=-322.1583932080285
voidance=-899.1686968868629