maintain_constant=1063.355512213821
past_ticks_constant=119.06539912316828
giveup_ticks=415.4788184174399

run_player_weights
base=38.97178806668511
scale=2144.8518480831353
kill=464.3763525396673
speed=139.66178055461003
sinvincible=-288.43644926669907
dx=23.84684401602282
dy=89.08760304571501
above=128.8241833366231

void_weights
base=901.3708863079488
scale=5.251861154477085
sspeed=-110.76922870360907
sjump=-827.8073862182712
dy=821.8257487586154
vy=523.1840497618116

pursue_player_weights
base=848.677121734637
scale=436.62245704456063
skill=310.12513418805173
kill=-236.19996669779516
sspeed=84.30161465512343
speed=-170.8279067396112
sjump=65.65881268677178
jump=-126.59594399079072
sinvincible=125.38603059199595
invincible=-212.53661084582515
sphase=133.29255882437795
phase=-130.44951684128054
dx=19.820492386150303
dy=-57.45824541293224
above=-32.438889068661545

pursue_boost_weights
base=406.1843440262803
scale=235.2489361249777
skill=-46.55553841969404
sspeed=-1.2583865787149318
sjump=-41.08944581787017
sinvincible=-47.148517797669975
sphase=-47.64756465999816
dx=39.481397997945386
dy=132.61091567700572
above=-336.78896522592635
voidance=-730.9000993713137