maintain_constant=1110.771334970704
past_ticks_constant=111.32288477990724
giveup_ticks=546.1176861569515

run_player_weights
base=47.89592696462289
scale=2144.8518480831353
kill=475.74079257194296
speed=125.09727938024639
sinvincible=-283.89523985023266
dx=15.185151457908354
dy=78.89227865908273
above=124.84251504714847

void_weights
base=827.3433941646002
scale=9.301769865269808
sspeed=-102.11027725203402
sjump=-635.6076100836798
dy=756.6278285185974
vy=574.963465483514

pursue_player_weights
base=799.8638077267877
scale=513.7820734821129
skill=315.16418485675314
kill=-194.1798867337451
sspeed=91.68679193636139
speed=-120.9671052410965
sjump=75.36087164097303
jump=-126.59594399079072
sinvincible=133.04427352752407
invincible=-185.95350830995454
sphase=128.89264013595962
phase=-136.37536552467728
dx=18.016714683384805
dy=-63.54990681177842
above=-23.105834595715276

pursue_boost_weights
base=426.2639278078355
scale=234.7303394343066
skill=-43.40393245095489
sspeed=-11.349966420863108
sjump=-38.73391559868203
sinvincible=-47.551917924106895
sphase=-56.243521215592985
dx=47.16261052665381
dy=132.43597576444304
above=-322.1583932080285
voidance=-1014.7231882265726