maintain_constant=1158.4372533855267
past_ticks_constant=119.06539912316828
giveup_ticks=563.987131707831

run_player_weights
base=51.27782043338149
scale=2144.8518480831353
kill=475.74079257194296
speed=125.09727938024639
sinvincible=-283.89523985023266
dx=10.614266638090196
dy=81.28792302214084
above=124.84251504714847

void_weights
base=827.3433941646002
scale=9.301769865269808
sspeed=-102.11027725203402
sjump=-682.141995410142
dy=916.0453128141174
vy=574.963465483514

pursue_player_weights
base=799.8638077267877
scale=513.7820734821129
skill=315.16418485675314
kill=-236.19996669779516
sspeed=91.68679193636139
speed=-124.54214158074095
sjump=76.61270637012866
jump=-126.59594399079072
sinvincible=133.04427352752407
invincible=-212.53661084582515
sphase=133.66624041191415
phase=-130.44951684128054
dx=18.016714683384805
dy=-63.54990681177842
above=-32.438889068661545

pursue_boost_weights
base=397.83088825204453
scale=235.2489361249777
skill=-39.63608493359011
sspeed=-11.349966420863108
sjump=-41.08944581787017
sinvincible=-47.551917924106895
sphase=-56.243521215592985
dx=42.03687151588196
dy=132.61091567700572
above=-322.1583932080285
voidance=-974.8565991344558