maintain_constant=1063.355512213821
past_ticks_constant=119.06539912316828
giveup_ticks=423.51280289556377

run_player_weights
base=38.97178806668511
scale=2144.8518480831353
kill=464.3763525396673
speed=127.03657190826159
sinvincible=-288.43644926669907
dx=23.84684401602282
dy=81.98972781348166
above=128.8241833366231

void_weights
base=901.3708863079488
scale=5.251861154477085
sspeed=-110.76922870360907
sjump=-827.8073862182712
dy=821.8257487586154
vy=523.1840497618116

pursue_player_weights
base=803.2575525244429
scale=523.0525471996658
skill=310.12513418805173
kill=-236.19996669779516
sspeed=84.30161465512343
speed=-170.8279067396112
sjump=58.659443376774504
jump=-126.59594399079072
sinvincible=125.38603059199595
invincible=-212.53661084582515
sphase=131.91552026504417
phase=-125.7541944598976
dx=19.820492386150303
dy=-66.26700471233313
above=-29.934333599886155

pursue_boost_weights
base=406.1843440262803
scale=235.2489361249777
skill=-46.55553841969404
sspeed=-1.2583865787149318
sjump=-49.86038721305741
sinvincible=-48.983529065136665
sphase=-45.26866106902869
dx=43.921937053504585
dy=132.61091567700572
above=-336.78896522592635
voidance=-730.9000993713137