maintain_constant=1110.771334970704
past_ticks_constant=111.32288477990724
giveup_ticks=546.1176861569515

run_player_weights
base=47.89592696462289
scale=2144.8518480831353
kill=475.74079257194296
speed=125.09727938024639
sinvincible=-283.89523985023266
dx=16.79972862978377
dy=78.89227865908273
above=124.84251504714847

void_weights
base=843.0785842506243
scale=9.301769865269808
sspeed=-102.11027725203402
sjump=-601.7918763976126
dy=756.6278285185974
vy=574.963465483514

pursue_player_weights
base=799.8638077267877
scale=513.7820734821129
skill=315.16418485675314
kill=-194.1798867337451
sspeed=91.68679193636139
speed=-120.9671052410965
sjump=75.36087164097303
jump=-126.59594399079072
sinvincible=133.04427352752407
invincible=-185.95350830995454
sphase=130.40790968705167
phase=-139.22240105176004
dx=17.82714333890233
dy=-63.54990681177842
above=-23.105834595715276

pursue_boost_weights
base=488.56230412027145
scale=234.7303394343066
skill=-43.40393245095489
sspeed=-11.349966420863108
sjump=-35.12598481241067
sinvincible=-47.551917924106895
sphase=-59.650562133427385
dx=47.16261052665381
dy=127.2877275242234
above=-322.1583932080285
voidance=-997.1996506664116