maintain_constant=1063.355512213821
past_ticks_constant=119.06539912316828
giveup_ticks=563.987131707831

run_player_weights
base=47.297247675532525
scale=2144.8518480831353
kill=475.74079257194296
speed=126.07323394968232
sinvincible=-226.51781720245148
dx=10.614266638090196
dy=77.16746704448612
above=125.69540143875287

void_weights
base=901.3708863079488
scale=5.251861154477085
sspeed=-110.76922870360907
sjump=-827.8073862182712
dy=920.7616015055444
vy=523.1840497618116

pursue_player_weights
base=848.677121734637
scale=436.62245704456063
skill=315.16418485675314
kill=-236.19996669779516
sspeed=91.68679193636139
speed=-145.69496299609858
sjump=76.61270637012866
jump=-126.59594399079072
sinvincible=119.22641192286265
invincible=-212.53661084582515
sphase=133.66624041191415
phase=-130.44951684128054
dx=18.016714683384805
dy=-55.04992425076911
above=-32.438889068661545

pursue_boost_weights
base=367.6349205646863
scale=235.2489361249777
skill=-46.55553841969404
sspeed=-11.349966420863108
sjump=-41.08944581787017
sinvincible=-47.148517797669975
sphase=-47.64756465999816
dx=39.481397997945386
dy=132.61091567700572
above=-322.1583932080285
voidance=-730.9000993713137