maintain_constant=1063.355512213821
past_ticks_constant=119.06539912316828
giveup_ticks=423.51280289556377

run_player_weights
base=30.24674682247685
scale=2206.1900464803653
kill=578.0650408903592
speed=134.91262242476787
sinvincible=-284.9113233901814
dx=30.6636565113675
dy=109.12811617504745
above=128.8241833366231

void_weights
base=901.3708863079488
scale=5.251861154477085
sspeed=-110.76922870360907
sjump=-827.8073862182712
dy=821.8257487586154
vy=549.7398900624146

pursue_player_weights
base=803.2575525244429
scale=523.0525471996658
skill=335.6397302788826
kill=-274.0344540459368
sspeed=80.05088218889335
speed=-170.8279067396112
sjump=58.659443376774504
jump=-126.59594399079072
sinvincible=125.38603059199595
invincible=-212.53661084582515
sphase=131.91552026504417
phase=-131.63392651213144
dx=19.820492386150303
dy=-63.843200445790174
above=-29.152816837447403

pursue_boost_weights
base=406.1843440262803
scale=199.10150759327814
skill=-46.55553841969404
sspeed=-1.2583865787149318
sjump=-40.783713824274
sinvincible=-56.67579602959482
sphase=-57.20642070976765
dx=28.55575078794158
dy=133.46132385187707
above=-383.4402475557059
voidance=-730.9000993713137