maintain_constant=978.675438861795
past_ticks_constant=85.71078228026585
giveup_ticks=518.9243320409659

run_player_weights
base=23.53364817651246
scale=2206.1900464803653
kill=726.4926006497802
speed=128.0146975769794
sinvincible=-253.5724102995196
dx=44.22185328952864
dy=114.2220358987049
above=96.49538776052368

void_weights
base=746.5575050522016
scale=8.182790429792261
sspeed=-96.0982372706451
sjump=-703.0788569710872
dy=958.3185161564189
vy=620.4605977691439

pursue_player_weights
base=1700.9364533828427
scale=541.924372855589
skill=447.0606370527816
kill=-225.57657317842165
sspeed=77.30346601763813
speed=-160.71015824443535
sjump=79.68835645448794
jump=-105.77587065491456
sinvincible=131.02517903885436
invincible=-257.58592322276047
sphase=150.3052872905842
phase=-105.941877892271
dx=7.354108440986433
dy=-51.62454437662484
above=-30.38385143608317

pursue_boost_weights
base=471.17188513950606
scale=294.6790351672256
skill=-64.97509441586308
sspeed=-1.5159715471331392
sjump=-72.61002328461505
sinvincible=-86.17496179409046
sphase=-62.497227798156466
dx=28.58201108686618
dy=133.46132385187707
above=-394.2069277950151
voidance=-833.6004146562827