maintain_constant=1135.6924341478732
past_ticks_constant=79.59192076814816
giveup_ticks=520.1407514652643

run_player_weights
base=32.33338313094415
scale=1988.2609027301137
kill=660.4780303894055
speed=139.16857338081024
sinvincible=-229.90973534732217
dx=44.22185328952864
dy=117.83055775957774
above=92.50372256651774

void_weights
base=746.5575050522016
scale=8.182790429792261
sspeed=-93.81388485601889
sjump=-645.6095181134795
dy=1048.0524276982321
vy=637.2666129341941

pursue_player_weights
base=1705.2629814446586
scale=541.924372855589
skill=487.57633317684935
kill=-225.57657317842165
sspeed=77.30346601763813
speed=-152.0286697265934
sjump=93.9436632865597
jump=-100.87383070123234
sinvincible=131.02517903885436
invincible=-257.58592322276047
sphase=160.13158153040706
phase=-121.48177102687151
dx=7.354108440986433
dy=-51.62454437662484
above=-32.02855798067283

pursue_boost_weights
base=470.717960416428
scale=280.56052594987136
skill=-74.83388734516241
sspeed=-1.5159715471331392
sjump=-72.61002328461505
sinvincible=-86.17496179409046
sphase=-59.937816997158535
dx=19.32248781841207
dy=133.46132385187707
above=-429.56345281362104
voidance=-1018.3244626849083