maintain_constant=978.675438861795
past_ticks_constant=81.82815543964536
giveup_ticks=518.9243320409659

run_player_weights
base=23.53364817651246
scale=2206.1900464803653
kill=694.78137864912
speed=128.0146975769794
sinvincible=-253.5724102995196
dx=44.22185328952864
dy=114.2220358987049
above=96.49538776052368

void_weights
base=717.0413969540668
scale=10.434457333921209
sspeed=-96.0982372706451
sjump=-703.0788569710872
dy=958.3185161564189
vy=562.2748604806172

pursue_player_weights
base=1700.9364533828427
scale=541.924372855589
skill=446.7710652560968
kill=-284.2193472354438
sspeed=77.30346601763813
speed=-160.71015824443535
sjump=79.68835645448794
jump=-105.77587065491456
sinvincible=131.02517903885436
invincible=-232.68670876875893
sphase=150.3052872905842
phase=-105.941877892271
dx=7.354108440986433
dy=-51.62454437662484
above=-32.97550825251306

pursue_boost_weights
base=471.17188513950606
scale=294.6790351672256
skill=-64.97509441586308
sspeed=-1.5159715471331392
sjump=-61.11098305802176
sinvincible=-86.17496179409046
sphase=-62.497227798156466
dx=32.22809037439109
dy=133.46132385187707
above=-388.57145697018314
voidance=-730.9000993713137