maintain_constant=1063.355512213821
past_ticks_constant=123.80156851630434
giveup_ticks=423.51280289556377

run_player_weights
base=30.24674682247685
scale=2206.1900464803653
kill=578.0650408903592
speed=134.91262242476787
sinvincible=-284.9113233901814
dx=38.099928986396215
dy=109.12811617504745
above=128.8241833366231

void_weights
base=901.3708863079488
scale=5.251861154477085
sspeed=-110.76922870360907
sjump=-827.8073862182712
dy=821.8257487586154
vy=530.2533815402479

pursue_player_weights
base=803.2575525244429
scale=523.0525471996658
skill=335.6397302788826
kill=-274.0344540459368
sspeed=80.05088218889335
speed=-160.71015824443535
sjump=69.84564726633997
jump=-128.1492395457836
sinvincible=130.59241273569094
invincible=-212.53661084582515
sphase=143.69439756185585
phase=-131.63392651213144
dx=17.988166122818676
dy=-63.843200445790174
above=-29.152816837447403

pursue_boost_weights
base=406.1843440262803
scale=229.12804491035016
skill=-46.85442777402244
sspeed=-3.6311994239456675
sjump=-49.43492767902564
sinvincible=-56.67579602959482
sphase=-53.83443306655712
dx=28.55575078794158
dy=133.46132385187707
above=-383.4402475557059
voidance=-730.9000993713137