maintain_constant=1063.355512213821
past_ticks_constant=120.90312585642434
giveup_ticks=518.9243320409659

run_player_weights
base=30.24674682247685
scale=2206.1900464803653
kill=578.0650408903592
speed=134.91262242476787
sinvincible=-284.9113233901814
dx=44.22185328952864
dy=115.61650194391757
above=96.49538776052368

void_weights
base=827.036179611154
scale=5.251861154477085
sspeed=-110.76922870360907
sjump=-827.8073862182712
dy=821.8257487586154
vy=562.2748604806172

pursue_player_weights
base=803.2575525244429
scale=531.2862108912532
skill=335.6397302788826
kill=-274.0344540459368
sspeed=76.32554424850771
speed=-160.71015824443535
sjump=69.84564726633997
jump=-92.92744281087707
sinvincible=130.59241273569094
invincible=-212.53661084582515
sphase=143.69439756185585
phase=-105.941877892271
dx=11.81471905714929
dy=-51.62454437662484
above=-29.152816837447403

pursue_boost_weights
base=406.1843440262803
scale=246.77138373483047
skill=-46.85442777402244
sspeed=-3.6311994239456675
sjump=-49.43492767902564
sinvincible=-73.61149377327945
sphase=-53.83443306655712
dx=28.55575078794158
dy=133.46132385187707
above=-388.57145697018314
voidance=-730.9000993713137