maintain_constant=978.675438861795
past_ticks_constant=120.90312585642434
giveup_ticks=518.9243320409659

run_player_weights
base=30.24674682247685
scale=2206.1900464803653
kill=629.2184975118738
speed=134.91262242476787
sinvincible=-233.4867800982262
dx=44.22185328952864
dy=112.28750475868499
above=96.49538776052368

void_weights
base=864.8119336882032
scale=6.232562666542114
sspeed=-108.93190484597197
sjump=-703.0788569710872
dy=965.2406159135272
vy=562.2748604806172

pursue_player_weights
base=664.6045314533133
scale=466.9347153912203
skill=446.7710652560968
kill=-274.0344540459368
sspeed=76.32554424850771
speed=-160.71015824443535
sjump=69.84564726633997
jump=-105.77587065491456
sinvincible=131.02517903885436
invincible=-202.0424280137405
sphase=143.69439756185585
phase=-105.941877892271
dx=7.354108440986433
dy=-51.62454437662484
above=-32.29058739834801

pursue_boost_weights
base=471.17188513950606
scale=294.6790351672256
skill=-46.85442777402244
sspeed=-1.5159715471331392
sjump=-61.11098305802176
sinvincible=-71.32109052421009
sphase=-62.497227798156466
dx=24.138301068208445
dy=133.46132385187707
above=-388.57145697018314
voidance=-730.9000993713137