maintain_constant=1044.6570435060453
past_ticks_constant=86.1418509939358
giveup_ticks=520.1407514652643

run_player_weights
base=32.33338313094415
scale=1988.2609027301137
kill=748.9649271216323
speed=128.0146975769794
sinvincible=-253.5724102995196
dx=44.22185328952864
dy=117.83055775957774
above=97.33180696039668

void_weights
base=746.5575050522016
scale=8.182790429792261
sspeed=-96.0982372706451
sjump=-703.0788569710872
dy=1133.1976658187468
vy=637.2666129341941

pursue_player_weights
base=1705.2629814446586
scale=541.924372855589
skill=447.0606370527816
kill=-225.57657317842165
sspeed=77.30346601763813
speed=-160.71015824443535
sjump=79.68835645448794
jump=-105.77587065491456
sinvincible=131.02517903885436
invincible=-257.58592322276047
sphase=150.3052872905842
phase=-121.48177102687151
dx=7.354108440986433
dy=-51.62454437662484
above=-32.02855798067283

pursue_boost_weights
base=470.717960416428
scale=294.6790351672256
skill=-74.83388734516241
sspeed=-1.5159715471331392
sjump=-72.61002328461505
sinvincible=-86.17496179409046
sphase=-59.937816997158535
dx=19.32248781841207
dy=133.46132385187707
above=-396.710202363516
voidance=-833.6004146562827