maintain_constant=978.675438861795
past_ticks_constant=120.90312585642434
giveup_ticks=518.9243320409659

run_player_weights
base=27.694458093404492
scale=2206.1900464803653
kill=629.2184975118738
speed=134.91262242476787
sinvincible=-253.5724102995196
dx=44.22185328952864
dy=114.2220358987049
above=96.49538776052368

void_weights
base=780.6594789875082
scale=6.232562666542114
sspeed=-108.93190484597197
sjump=-703.0788569710872
dy=958.3185161564189
vy=562.2748604806172

pursue_player_weights
base=1464.6045314533133
scale=556.2612968765704
skill=446.7710652560968
kill=-284.2193472354438
sspeed=77.30346601763813
speed=-160.71015824443535
sjump=69.84564726633997
jump=-105.77587065491456
sinvincible=131.02517903885436
invincible=-224.0593926340649
sphase=143.69439756185585
phase=-105.941877892271
dx=7.354108440986433
dy=-51.62454437662484
above=-32.29058739834801

pursue_boost_weights
base=471.17188513950606
scale=294.6790351672256
skill=-56.835772818336466
sspeed=-1.5159715471331392
sjump=-61.11098305802176
sinvincible=-71.32109052421009
sphase=-62.497227798156466
dx=29.94645980985492
dy=133.46132385187707
above=-388.57145697018314
voidance=-730.9000993713137