maintain_constant=1135.6924341478732
past_ticks_constant=79.59192076814816
giveup_ticks=446.2238066250328

run_player_weights
base=43.41601067502139
scale=1909.3081323703452
kill=622.3558722129828
speed=139.16857338081024
sinvincible=-229.90973534732217
dx=36.657237202367995
dy=113.30766188236616
above=92.50372256651774

void_weights
base=779.9490224491392
scale=8.182790429792261
sspeed=-91.60054593026624
sjump=-645.6095181134795
dy=1048.0524276982321
vy=707.101271719566

pursue_player_weights
base=1705.2629814446586
scale=617.6545653729086
skill=462.58111597872534
kill=-232.33444851697178
sspeed=77.78582735248713
speed=-128.85383990809171
sjump=93.9436632865597
jump=-93.72752878451116
sinvincible=92.31539103860136
invincible=-257.58592322276047
sphase=186.49545562985045
phase=-121.48177102687151
dx=14.36733757716145
dy=-58.104689867255
above=-31.951073771626774

pursue_boost_weights
base=405.4117825806249
scale=280.56052594987136
skill=-87.61852585630004
sspeed=0.043610782727809966
sjump=-72.61002328461505
sinvincible=-66.73840663640284
sphase=-85.21725560760697
dx=14.783952963288165
dy=158.86103614309442
above=-429.56345281362104
voidance=-1018.3244626849083