maintain_constant=1135.6924341478732
past_ticks_constant=79.59192076814816
giveup_ticks=446.2238066250328

run_player_weights
base=38.25320878221203
scale=1909.3081323703452
kill=622.3558722129828
speed=139.16857338081024
sinvincible=-229.90973534732217
dx=44.22185328952864
dy=121.38293815079133
above=92.50372256651774

void_weights
base=745.2630821230649
scale=8.182790429792261
sspeed=-93.81388485601889
sjump=-645.6095181134795
dy=1048.0524276982321
vy=707.101271719566

pursue_player_weights
base=1705.2629814446586
scale=541.924372855589
skill=462.58111597872534
kill=-232.33444851697178
sspeed=74.0975678411429
speed=-128.82371064957317
sjump=93.9436632865597
jump=-97.13971497075042
sinvincible=106.77571655661046
invincible=-257.58592322276047
sphase=160.13158153040706
phase=-121.48177102687151
dx=14.36733757716145
dy=-60.719519494995204
above=-32.02855798067283

pursue_boost_weights
base=470.717960416428
scale=280.56052594987136
skill=-76.16776646649848
sspeed=-0.19941355814591666
sjump=-72.61002328461505
sinvincible=-66.73840663640284
sphase=-85.21725560760697
dx=19.32248781841207
dy=158.86103614309442
above=-429.56345281362104
voidance=-1018.3244626849083